100
5
1 2 3 4 5
3
3 5 6
2
5 6
2
5 5
15
511095 869762 636418 501890 125885 994784 577107 866127 188104 253234 379765 288840 273951 981232 384540
15
814649 599109 630484 918753 362744 647046 386085 637243 187588 166179 551338 418182 945540 332323 921315
9
246817 944300 397797 227380 145529 209266 361764 810578 5921
6
839091 472992 342865 573121 406207 19772
8
570003 15226 220383 462037 39479 109753 204603 979030
13
862997 737824 608264 112598 691601 87677 848324 168724 595727 109762 299442 345742 148262
3
205087 800707 988892
4
593514 928108 846541 773579
3
871268 669800 488204
2
398571 370483
4
3363 1953 883 7724
6
3749 6007 597 1450 8747 15366
7
3597 2861 6234 2717 4144 6615 7680
14
9123 1722 6587 1149 1160 2337 3679 2890 501 2686 8118 1445 772 8959
8
4817 7571 6985 7067 2319 1810 6764 8157
12
6227 3945 7878 1081 3838 9770 4073 776 2468 6062 989 13351
3
7748 9189 15777
5
8842 1227 2243 6250 14056
2
2510 4427
3
5550 6708 7736
6
5088 1139 4927 6106 8965 12403
10
504 2303 4987 187 1415 1506 8655 4106 7029 12306
4
7236 5404 1786 5060
10
4591 8301 9930 2224 4667 8701 6254 353 3293 14828
15
561 4491 5971 161 5728 4383 783 6730 2652 5840 5246 4832 6775 2884 4435
3
2303 4645 6874
3
7367 2302 5177
9
4067 3742 5362 9192 9261 9561 3035 1215 410
11
828 9096 3161 5165 8416 2679 2641 2296 6979 5572 7801
2
2726 7981
3
9237 1218 8407
7
3473 6029 6823 4885 4927 30 143
13
1497 5121 389 8769 8660 2878 1495 7032 4242 2381 3121 7785 3550
9
742 6377 3578 3885 1502 4255 4717 1887 6315
6
7558 6087 9232 7361 8287 4815
12
5688 5052 7542 8309 3826 8438 3064 3254 9602 7531 5148 15672
6
8801 6108 2701 2659 3506 7169
4
7416 371 478 7253
6
6807 6387 8922 7152 6295 9177
15
2614 7066 9553 2901 8196 1171 5281 96 4087 6708 7460 6970 7624 4927 4820
8
2298 2033 9781 8736 6950 4895 6867 1506
9
5830 9454 8501 4294 8531 9658 1846 7012 7008
14
95 3137 6634 7766 5876 3714 163 2843 4995 4766 7456 1828 7418 8079
15
2967 8152 3759 5222 9165 6411 3229 6244 5487 5717 3196 6342 1766 2692 15195
9
1276 5515 2641 2715 8712 9378 8296 5451 9532
6
3451 209 3002 7077 3884 4761
7
5651 4782 3505 5503 1339 8465 14425
12
4321 756 5460 663 8220 4066 4847 8941 3724 333 8093 2678
8
1868 395 6740 1837 1521 3939 6268 2384
13
767 3895 6444 5148 6603 2986 2102 4471 8380 3086 3264 2470 9590
11
5288 9058 389 9479 5006 8770 1783 5222 137 6512 8634
2
4784 8185
10
8859 7763 3799 2844 4420 692 2235 7452 5426 2536
9
2483 5701 3082 5798 4342 1329 6539 9428 11714
5
4842 1186 70 9025 4431
8
702 2424 1382 3737 1484 6111 212 4862
10
2006 7110 9735 5811 1132 9865 2885 303 5914 4913
11
3475 7318 5436 9813 299 8941 7026 6704 8499 6250 9224
3
3475 523 1068
9
7215 9497 7882 2616 9821 2541 8040 2255 5587
4
7690 5324 5300 8597
5
2777 9101 7879 9010 5281
6
973 8315 8354 2313 3763 1198
5
5048 5816 7430 6955 813
4
9443 2541 2740 10170
14
5677 4703 7729 5345 6162 6654 222 6319 9027 1564 6832 4807 9735 2229
9
7053 1376 1543 9278 7767 4796 4095 6749 9629
11
8659 7838 3485 1027 6247 6663 7651 6690 4214 2518 3133
9
2117 1054 4738 9864 5289 349 6870 6970 11337
6
3905 2741 3310 8108 4296 4384
3
9632 6154 15786
6
3998 6514 3147 174 7990 1343
7
7529 2469 7478 1324 108 10 9428
4
7719 886 1504 6321
15
8688 9663 9982 5717 2425 7288 8484 8978 7094 3072 9774 504 4336 2547 2736
11
5110 1637 3891 3029 1894 10 964 7853 8066 6398 3084
15
1284 4662 6736 344 3942 2857 2489 7922 7145 944 9508 8379 9174 9111 697
8
7295 9243 1019 9044 2565 2776 2385 4423
2
9857 7757
14
1774 4139 4338 342 9794 8385 8366 2710 1477 6626 5516 281 2300 4621
7
8188 3941 7385 5115 614 425 7284
5
2439 7703 6249 7295 4998
7
4914 3073 6132 1138 4374 2693 5926
10
9700 7446 8237 9328 6248 6108 1332 6456 9591 9677
7
3405 4317 1320 3866 5267 5850 2025
6
1778 7743 3131 3225 4032 1920
10
7004 9683 8810 6486 2719 8424 7034 7715 3958 9707
3
6396 7822 1650
14
10000 1566 3216 8369 6208 5355 7415 7671 2697 2763 8300 5295 6307 1080
13
2328 3732 256 7421 9986 5654 7814 5339 1883 9289 8400 9788 1222
11
4939 9881 8632 2905 6767 5319 1076 9804 8123 8136 13200
10
6612 2307 6040 1259 5134 4008 5350 5077 1590 6407
15
1425 7352 1370 294 744 8242 3269 8678 3549 5862 4512 4005 1425 1742 5325
12
7475 3705 5572 6382 2014 516 6864 8909 2546 7397 3042 9519
6
3237 2214 9103 7028 3166 5145
9
9804 3784 7184 8236 6746 3371 3418 5360 6755
