100
73 29 44
71 80 24
70 56 40
41 2 42
96 6 26
55 5 43
99 80 56
34 9 61
45 27 18
11 77 92
55 33 19
76 4 96
14 74 53
55 44 52
78 82 57
21 77 60
75 30 40
36 29 47
51 63 73
41 6 50
60 16 82
54 70 84
5 44 58
55 57 1
12 10 82
69 88 57
8 7 87
54 79 16
25 15 76
74 66 81
54 7 97
38 64 65
94 17 10
92 21 64
72 75 74
30 85 60
17 52 64
30 57 44
7 9 56
87 33 20
82 5 25
48 59 88
55 94 3
17 86 22
88 78 94
48 51 77
11 78 30
54 94 84
10 22 93
30 28 26
52 14 31
38 93 87
41 39 79
62 93 66
56 9 42
32 96 92
61 45 68
45 53 60
36 7 82
62 14 10
90 41 21
75 92 15
54 31 53
20 71 45
60 31 53
52 84 49
21 16 91
80 74 44
60 18 48
68 53 62
88 13 1
1 1 93
52 75 22
96 30 90
47 47 21
93 7 3
85 57 17
27 75 88
73 53 4
33 14 57
33 81 67
24 67 68
45 68 41
35 20 70
53 14 16
54 60 22
70 53 76
56 36 51
60 61 3
15 34 16
81 64 94
47 96 61
88 21 27
56 63 46
71 98 57
93 49 17
67 3 68
19 70 2
21 27 62
34 84 93
