102
1 1 1
2 2 1
84 66 13
16 15 15
87 28 18
22 17 13
91 63 35
27 24 1
73 52 36
69 47 45
83 26 26
24 17 1
30 22 5
59 29 27
94 91 23
43 29 3
22 10 0
38 5 2
16 9 3
27 7 4
57 19 2
71 4 1
6 6 4
28 4 0
47 33 19
58 49 45
83 45 2
68 53 50
44 5 1
9 6 0
89 84 38
52 37 17
33 16 15
69 49 12
27 6 4
40 29 10
35 10 5
2 2 2
18 0 0
57 35 20
87 33 31
90 34 29
41 3 3
18 2 2
82 40 33
28 3 0
98 93 72
66 66 47
20 5 4
72 0 0
4 4 0
69 38 5
41 9 6
24 18 8
47 27 25
56 17 16
65 8 1
51 41 34
35 4 4
15 11 8
44 36 11
66 17 16
33 9 7
29 5 5
75 1 0
96 30 24
36 15 10
29 3 3
29 9 6
5 1 1
14 8 5
41 4 3
29 18 18
18 7 4
25 5 0
84 40 11
73 57 0
91 65 59
55 42 20
83 18 3
98 3 3
5 2 2
23 12 7
44 31 16
41 34 1
11 9 1
62 51 10
6 1 0
45 24 22
66 65 22
83 2 2
38 27 16
1 0 0
100 10 2
69 1 1
32 12 6
34 4 0
64 14 11
100 5 3
74 13 2
91 91 50
67 28 19
