10000
84 66 13
16 15 15
87 28 18
22 17 13
91 63 35
27 24 1
73 52 36
69 47 45
83 26 26
24 17 1
30 22 5
59 29 27
94 91 23
43 29 3
22 10 0
38 5 2
16 9 3
27 7 4
57 19 2
71 4 1
6 6 4
28 4 0
47 33 19
58 49 45
83 45 2
68 53 50
44 5 1
9 6 0
89 84 38
52 37 17
33 16 15
69 49 12
27 6 4
40 29 10
35 10 5
2 2 2
18 0 0
57 35 20
87 33 31
90 34 29
41 3 3
18 2 2
82 40 33
28 3 0
98 93 72
66 66 47
20 5 4
72 0 0
4 4 0
69 38 5
41 9 6
24 18 8
47 27 25
56 17 16
65 8 1
51 41 34
35 4 4
15 11 8
44 36 11
66 17 16
33 9 7
29 5 5
75 1 0
96 30 24
36 15 10
29 3 3
29 9 6
5 1 1
14 8 5
41 4 3
29 18 18
18 7 4
25 5 0
84 40 11
73 57 0
91 65 59
55 42 20
83 18 3
98 3 3
5 2 2
23 12 7
44 31 16
41 34 1
11 9 1
62 51 10
6 1 0
45 24 22
66 65 22
83 2 2
38 27 16
1 0 0
100 10 2
69 1 1
32 12 6
34 4 0
64 14 11
100 5 3
74 13 2
91 91 50
67 28 19
91 0 0
43 40 9
46 45 21
19 7 4
49 22 7
10 0 0
43 11 6
2 1 0
22 16 7
100 5 2
40 34 25
68 5 0
28 2 0
59 0 0
23 5 2
82 61 8
93 50 23
51 1 1
23 19 0
43 38 26
99 90 24
91 65 51
20 4 2
56 11 4
80 17 15
77 6 2
61 8 8
85 75 69
22 16 0
14 1 0
27 11 4
3 2 2
85 61 10
69 8 7
73 34 28
99 36 15
54 3 3
34 28 10
91 50 43
47 32 24
1 0 0
98 92 25
4 3 3
98 5 4
87 37 6
97 63 36
58 29 16
61 12 4
61 20 2
28 23 20
57 38 14
98 34 33
40 33 20
4 0 0
48 40 9
52 43 14
40 8 3
28 12 0
50 15 13
30 18 12
78 13 2
72 65 63
68 28 20
96 30 19
30 4 2
41 33 21
27 12 10
43 16 13
24 11 9
10 4 0
97 59 17
35 6 5
25 1 0
69 35 14
13 2 1
47 6 2
17 2 0
30 29 10
48 27 27
81 43 17
58 47 32
87 6 1
13 6 2
80 32 7
90 44 20
42 34 23
88 25 6
67 50 13
57 45 4
61 55 13
6 4 2
19 5 3
74 8 8
38 36 6
8 0 0
15 7 1
1 1 0
39 25 18
75 17 1
82 53 18
71 43 1
40 35 7
23 10 5
48 1 0
83 26 8
92 77 57
22 8 7
92 67 31
32 1 1
41 36 0
99 25 3
17 10 7
32 0 0
5 2 1
19 1 0
63 44 39
78 68 2
5 0 0
8 7 1
45 21 17
28 1 0
61 42 13
64 64 59
12 3 2
92 54 25
15 5 4
94 13 5
83 38 7
18 11 9
75 74 43
87 21 7
75 14 3
80 53 36
76 70 27
11 8 0
18 10 7
38 36 20
44 43 28
26 16 5
19 17 0
64 50 7
59 30 21
72 45 35
86 61 9
5 1 1
51 48 29
86 47 3
40 22 13
68 68 52
78 52 32
66 2 2
56 15 14
12 4 2
97 19 1
71 32 4
28 4 0
84 47 22
31 7 3
51 22 20
15 11 6
48 41 6
36 18 5
55 19 18
87 32 16
60 22 12
84 16 13
24 24 22
23 18 14
22 19 5
48 21 4
70 1 1
4 3 1
8 6 1
7 5 0
85 52 8
99 91 8
99 15 12
72 10 10
7 2 1
25 5 3
1 0 0
54 51 10
39 29 6
68 41 7
88 77 74
23 1 1
51 39 30
55 30 2
14 12 10
82 37 29
21 9 2
82 51 31
97 97 18
23 4 1
98 19 14
82 15 15
58 24 20
100 98 43
84 41 4
78 50 3
33 26 15
67 3 0
83 3 1
87 21 20
91 79 34
77 46 11
93 13 12
40 29 0
37 20 2
44 32 25
83 57 54
56 52 13
16 10 8
54 38 38
84 0 0
98 66 8
70 16 9
50 32 18
40 4 3
11 5 3
91 36 9
53 13 5
78 25 21
67 28 0
42 24 18
99 84 50
77 53 34
29 14 13
9 3 2
98 28 8
75 21 4
26 8 7
13 13 4
22 4 4
40 2 0
60 11 9
55 1 0
73 51 12
53 46 28
83 23 9
55 13 7
7 3 0
91 23 19
73 67 53
60 52 32
81 79 16
91 17 0
53 43 7
70 3 1
84 46 5
1 0 0
68 39 9
33 22 18
76 52 49
13 10 3
37 30 8
45 44 14
15 1 0
27 2 2
40 9 5
53 49 43
91 25 21
32 16 10
36 6 6
78 55 9
99 49 5
56 13 4
57 54 43
24 11 3
59 17 4
46 22 18
91 19 10
1 0 0
65 16 3
60 19 9
45 9 8
52 29 13
20 3 3
5 4 1
76 9 1
68 37 28
30 0 0
32 20 8
8 1 0
84 57 47
73 45 39
63 29 23
98 57 52
42 40 39
75 64 13
86 27 21
31 29 29
99 60 31
25 17 0
42 23 10
81 78 37
90 82 60
24 13 3
94 31 6
21 21 8
14 1 0
71 21 3
30 17 6
44 15 11
25 18 3
87 49 32
70 18 15
31 1 1
88 13 8
50 29 11
40 13 4
31 22 8
50 37 12
82 45 38
34 32 8
88 41 17
20 10 0
45 24 14
60 39 18
54 27 1
6 0 0
100 23 19
16 4 2
54 19 10
88 73 5
63 9 0
6 0 0
12 10 3
4 1 0
22 4 0
44 14 6
29 8 6
1 1 0
88 8 6
90 57 1
27 8 0
37 20 4
93 65 20
22 22 19
67 54 29
24 12 12
85 59 32
32 15 5
66 21 4
70 61 27
23 11 11
70 20 8
77 32 2
41 1 1
73 67 21
28 8 6
13 8 1
25 9 3
87 83 46
95 16 3
42 32 11
38 30 13
91 19 2
14 1 0
58 10 6
47 11 10
26 8 5
22 13 2
35 6 4
57 50 48
73 40 29
12 3 3
62 59 2
17 17 16
45 44 15
68 25 1
58 30 16
51 28 4
77 61 42
54 15 15
99 7 5
38 38 0
41 32 5
84 10 0
10 6 4
40 27 27
5 5 2
65 15 11
50 36 33
40 40 37
87 30 18
80 48 15
8 8 7
62 12 0
54 53 21
95 11 11
82 41 20
88 39 3
39 28 19
21 4 3
87 26 25
64 53 35
11 1 1
43 18 8
26 0 0
54 16 13
49 47 32
17 2 0
60 35 8
54 2 2
4 0 0
8 1 1
55 13 10
35 27 5
85 10 4
64 3 3
61 43 42
86 0 0
98 52 12
50 38 19
35 28 28
86 18 17
87 2 1
93 4 4
70 54 24
67 55 11
34 28 18
48 29 26
1 0 0
30 3 0
9 7 0
76 60 32
41 8 1
19 5 2
100 9 6
9 3 2
4 1 0
33 2 1
11 10 3
97 69 24
97 50 36
66 28 26
62 12 9
88 81 48
82 13 8
80 79 21
94 89 48
36 6 2
43 30 23
64 31 19
1 1 1
35 32 28
51 1 1
40 12 9
94 88 28
83 40 36
24 13 7
52 45 33
66 13 7
14 13 5
78 5 0
65 13 6
8 3 3
41 13 9
88 65 34
94 44 36
21 12 5
72 2 0
35 15 4
68 3 0
68 46 37
34 0 0
33 27 9
24 15 12
48 9 9
36 23 20
69 13 7
40 6 4
37 27 16
53 8 7
5 3 3
41 9 6
98 10 0
79 8 2
71 35 30
21 21 1
61 55 0
68 26 26
93 39 35
54 8 7
63 56 10
99 60 40
77 55 5
4 2 1
74 57 39
24 4 1
45 24 5
13 7 7
48 30 11
35 35 17
43 33 9
39 11 9
59 19 2
85 63 61
91 84 71
24 3 0
21 10 8
53 48 29
8 2 0
26 0 0
59 16 15
61 34 9
74 37 9
49 21 20
10 7 0
33 2 0
34 28 22
28 11 0
32 8 3
42 37 30
59 5 2
2 0 0
68 59 46
33 10 1
6 2 1
58 57 28
62 3 3
70 36 33
39 8 4
19 10 5
93 66 63
55 13 1
44 20 4
22 21 2
21 6 1
35 11 5
84 41 0
43 10 3
64 60 46
55 2 1
93 12 2
35 29 28
95 20 9
45 8 5
85 12 12
26 19 15
3 0 0
97 86 15
41 33 11
13 10 10
55 48 31
29 12 10
89 6 6
98 73 33
95 29 24
83 78 56
70 30 17
18 17 1
100 10 5
51 8 6
93 38 29
65 59 21
22 10 2
11 4 0
3 3 3
17 7 5
40 21 13
7 7 5
12 12 8
66 17 10
77 61 1
35 29 26
28 20 20
98 92 55
40 0 0
87 86 76
68 51 50
37 29 23
38 36 23
68 5 2
35 32 22
96 37 6
32 12 3
31 19 5
43 22 22
62 45 24
70 20 14
36 16 6
81 30 9
1 0 0
97 4 1
15 13 4
17 0 0
26 2 0
3 1 1
50 10 6
36 9 6
100 100 63
3 0 0
100 81 27
14 1 1
67 2 2
95 7 4
77 56 15
10 0 0
85 3 2
36 21 18
82 44 0
63 36 24
65 5 0
54 9 4
70 52 33
6 4 1
43 22 7
66 62 6
66 31 25
8 1 0
59 1 0
61 51 46
39 27 18
97 27 2
31 10 2
8 3 3
96 59 53
68 61 38
30 29 2
32 27 16
8 5 3
63 33 14
97 13 6
11 3 1
70 57 9
91 41 26
70 55 0
83 36 7
96 81 66
88 35 21
52 4 0
65 56 30
94 79 66
2 1 1
95 86 47
90 40 34
96 33 16
4 0 0
83 75 29
49 45 44
6 0 0
68 61 58
91 68 11
69 1 1
94 10 9
52 1 0
52 28 12
36 11 4
76 59 36
1 1 1
43 30 27
61 43 12
65 25 16
56 36 14
43 40 15
97 57 52
59 10 3
47 25 15
95 20 19
51 49 35
54 29 11
56 38 36
20 7 7
45 9 0
30 4 1
71 10 3
59 32 20
87 34 20
14 4 0
22 21 11
59 20 9
30 20 17
54 4 2
73 1 0
3 0 0
41 2 1
87 5 4
47 19 4
52 12 11
34 5 4
93 83 4
72 37 4
82 32 26
89 18 18
52 36 24
60 30 8
15 13 0
73 53 33
30 14 9
31 16 0
79 17 4
79 0 0
87 45 20
26 11 1
40 5 2
59 44 28
56 16 12
90 35 4
47 4 0
94 42 12
51 24 14
29 20 17
57 53 36
42 7 4
59 34 4
59 24 4
82 41 26
19 0 0
64 36 26
19 19 5
71 13 9
12 11 4
13 0 0
56 25 13
80 70 39
90 46 9
96 58 12
12 3 0
12 3 3
27 0 0
33 7 0
62 28 2
42 37 1
11 2 2
95 1 1
84 58 25
38 16 1
14 2 2
99 80 21
42 16 1
36 2 2
32 22 9
10 4 0
25 2 2
72 5 0
7 5 3
90 59 4
57 34 21
71 26 19
3 3 0
19 6 5
43 30 26
85 25 0
62 39 36
25 20 9
57 17 13
48 30 26
45 4 2
58 45 26
52 37 3
100 76 33
90 83 51
85 72 42
73 63 18
69 59 32
19 16 8
54 15 7
16 5 3
70 28 17
10 10 5
33 29 0
23 20 19
14 6 1
65 36 24
51 28 7
95 10 10
5 0 0
68 63 35
94 84 78
55 26 3
51 7 3
51 33 9
49 42 16
78 30 7
55 52 35
99 3 3
71 43 19
70 41 41
41 21 12
89 16 0
17 6 6
28 6 3
60 41 15
100 16 12
68 20 10
89 88 30
77 36 31
40 1 0
43 0 0
7 4 2
94 4 3
87 64 26
10 9 2
27 6 5
50 32 24
82 55 20
21 14 8
15 14 7
40 1 0
36 6 3
58 35 31
8 0 0
84 40 11
38 9 2
49 33 0
69 46 22
50 18 17
60 55 51
22 1 1
76 15 14
63 50 50
98 42 8
62 59 24
18 5 4
60 50 31
60 9 9
58 8 3
31 31 22
18 14 6
14 7 2
24 6 5
95 83 26
64 22 18
40 38 31
50 10 10
43 20 16
5 5 0
3 0 0
5 5 4
2 0 0
28 27 26
40 16 11
46 26 12
81 48 32
33 28 15
4 1 1
61 12 0
53 13 7
41 19 4
49 10 0
49 37 27
55 53 23
64 59 4
43 42 38
55 35 14
65 26 15
78 17 5
5 4 0
76 25 16
61 16 12
24 17 6
89 36 11
50 49 43
26 23 0
52 1 1
83 72 57
60 45 35
87 62 46
68 22 3
10 7 6
10 10 4
52 34 13
71 26 22
65 43 7
65 54 42
4 3 0
33 9 0
68 9 7
5 3 3
93 40 7
76 43 42
1 1 1
74 2 2
60 49 42
51 1 0
3 0 0
32 6 2
62 18 16
99 68 17
22 12 11
91 3 3
81 9 6
80 15 3
37 20 4
29 24 16
60 30 30
59 40 14
85 67 43
30 4 3
59 45 41
83 72 37
62 44 2
48 7 3
63 8 0
72 60 30
39 36 10
18 1 1
41 26 12
28 3 0
83 14 4
99 92 16
54 18 14
48 39 14
56 17 13
87 26 7
45 34 18
84 0 0
35 29 14
8 0 0
56 53 40
50 25 0
84 37 23
39 10 5
93 1 1
36 33 19
96 2 2
84 48 28
58 8 7
3 1 1
51 16 7
9 2 0
59 17 16
62 8 2
69 30 0
42 25 19
54 18 13
45 26 7
34 6 3
60 20 4
51 48 18
41 24 24
81 70 44
72 69 39
64 49 19
62 24 21
55 45 19
84 27 24
88 22 15
51 2 0
30 30 27
30 8 2
56 55 16
88 6 2
19 15 14
38 29 20
36 33 18
6 1 0
86 22 10
82 28 28
100 45 27
90 66 31
8 6 1
16 12 11
75 74 26
5 1 0
47 7 7
7 4 3
29 27 25
98 11 8
73 23 13
4 3 3
84 2 2
92 56 14
53 40 31
29 6 0
85 20 18
76 23 22
85 71 31
50 28 18
75 61 44
36 1 0
67 28 6
75 15 5
44 5 1
48 22 9
23 12 8
5 3 0
99 91 64
90 20 0
63 51 42
17 0 0
41 20 6
42 41 41
39 22 15
6 2 1
51 23 14
68 23 17
17 3 1
25 16 7
42 32 24
92 44 9
32 15 11
91 65 11
14 9 1
53 42 40
87 62 52
1 1 0
74 26 13
39 17 5
97 22 20
74 37 23
5 1 1
8 8 8
6 3 1
49 3 1
82 39 39
77 13 1
92 39 10
23 11 8
61 35 34
70 54 20
16 4 3
93 5 1
40 6 2
97 20 11
71 39 14
62 39 5
39 15 13
70 44 26
78 42 41
56 15 9
97 70 60
82 37 31
3 1 1
25 14 2
48 31 7
62 0 0
19 16 7
41 17 16
17 10 8
97 57 14
6 5 0
97 9 7
76 23 2
54 40 33
26 10 7
73 17 12
77 71 30
27 5 5
95 22 14
97 70 13
97 60 2
64 10 0
41 7 0
19 0 0
44 0 0
84 15 15
2 0 0
88 2 1
63 3 0
52 6 6
67 55 38
51 30 27
38 15 2
30 14 3
5 0 0
9 7 6
56 33 32
64 21 4
78 6 0
10 1 0
13 6 2
91 22 3
42 32 3
40 33 18
90 59 4
18 2 1
48 11 8
56 45 35
73 69 2
40 7 2
55 30 1
17 11 9
85 30 4
56 13 0
48 23 7
4 2 2
8 6 5
12 10 9
53 9 4
97 18 8
44 26 4
63 16 14
4 4 1
5 4 2
95 40 22
30 23 20
18 11 11
66 8 7
38 7 1
62 0 0
1 0 0
67 32 14
1 1 0
98 97 64
47 2 1
91 60 53
47 1 0
15 11 2
53 48 23
31 25 0
91 86 69
87 16 3
88 48 15
26 10 3
61 24 1
43 2 0
25 25 13
70 35 4
84 2 1
25 17 0
89 9 0
71 70 3
33 21 10
83 23 6
72 21 0
48 43 0
92 50 24
22 13 10
54 53 46
27 23 17
53 35 25
33 0 0
37 2 2
13 4 3
63 20 5
33 1 0
66 52 39
59 48 19
28 9 5
24 9 0
29 11 6
86 75 68
33 19 2
6 5 1
29 8 5
20 3 2
68 41 19
2 2 2
39 37 21
14 5 0
57 15 6
3 2 1
75 55 41
57 44 0
32 18 6
23 7 6
78 63 14
91 15 1
33 31 6
8 5 5
94 82 78
44 9 6
90 52 17
19 11 5
96 56 10
31 21 7
14 9 6
56 45 1
69 69 43
80 34 6
15 1 1
51 1 0
77 36 15
27 12 10
56 19 17
94 20 20
12 1 1
28 26 1
43 10 3
48 41 29
4 2 1
19 9 6
95 14 9
6 5 2
61 11 7
38 12 11
65 20 17
67 67 25
85 3 3
53 31 17
28 20 13
57 7 6
83 61 22
47 7 0
71 67 7
50 12 9
67 5 2
82 9 1
55 39 21
2 1 0
3 3 2
76 61 57
66 13 1
6 3 2
18 8 6
61 48 16
30 1 0
34 31 17
58 1 1
91 91 84
81 55 51
35 12 9
21 21 9
84 55 17
30 15 8
71 16 5
44 9 7
67 30 10
4 3 0
41 15 3
82 75 65
53 0 0
64 37 15
45 35 25
47 4 4
91 82 56
28 6 4
76 43 16
67 11 4
55 51 9
43 24 3
36 18 10
57 44 37
76 24 14
46 41 36
87 41 40
8 6 5
90 73 33
18 4 2
50 2 0
76 69 2
31 13 5
46 6 3
93 19 10
59 38 9
17 6 6
93 9 2
78 26 21
39 2 1
83 11 10
51 10 7
23 20 6
56 54 49
9 9 8
80 72 3
65 65 25
56 29 6
80 33 1
12 4 0
70 9 6
57 14 7
18 11 1
36 16 13
73 15 0
51 28 5
19 17 1
12 8 8
41 24 0
94 47 23
89 17 7
75 53 53
84 55 11
42 32 0
97 75 54
89 3 2
81 68 61
37 23 20
4 2 0
56 35 15
83 34 34
73 17 13
74 18 18
62 16 11
90 89 80
20 6 2
83 14 8
42 16 8
58 18 4
58 0 0
6 4 4
70 40 39
60 30 22
91 81 19
52 47 16
63 38 20
29 20 20
69 44 41
46 39 1
1 1 1
27 18 11
63 15 11
32 14 0
21 5 3
24 0 0
33 14 0
91 82 54
76 26 15
80 35 17
1 0 0
98 37 34
55 20 2
90 77 62
82 68 57
92 70 7
8 1 0
55 26 20
15 1 1
80 56 10
57 0 0
55 18 10
79 4 4
51 17 12
81 13 0
60 6 0
39 37 35
85 52 37
74 8 2
29 7 5
92 73 33
19 0 0
33 25 3
100 43 33
98 23 8
4 0 0
37 16 16
34 10 6
33 22 20
14 8 8
3 3 1
4 4 0
64 42 36
39 33 3
20 17 10
88 23 14
34 11 9
70 57 14
49 49 42
39 12 7
66 37 33
91 18 9
16 13 0
73 3 3
58 57 9
5 2 1
23 0 0
100 88 51
72 0 0
16 15 7
56 39 29
39 14 14
84 62 35
70 8 4
50 36 5
23 7 5
94 7 5
46 37 28
65 31 12
35 4 3
18 14 0
68 4 1
87 29 8
92 5 4
72 56 14
47 10 8
56 25 23
34 13 9
100 75 38
56 48 29
92 84 44
72 48 18
90 35 22
59 37 25
5 2 1
83 54 40
1 1 1
32 7 4
77 30 17
59 33 25
46 24 6
92 29 13
89 59 49
20 7 2
57 1 0
99 6 0
19 18 9
62 60 46
74 68 63
71 0 0
38 11 4
46 20 5
10 5 1
71 64 39
70 44 42
28 15 1
97 71 55
79 30 10
59 16 13
86 24 3
66 22 10
42 12 1
38 12 10
95 88 50
19 5 5
19 5 4
24 21 5
40 17 13
97 49 41
24 19 9
79 31 21
60 29 0
54 42 1
6 1 0
34 12 4
95 69 13
87 81 60
80 4 2
83 0 0
75 51 19
76 11 6
73 51 23
15 6 0
11 3 3
36 13 4
54 14 5
97 40 15
13 11 1
32 3 1
60 26 20
35 19 1
22 10 7
13 6 5
47 9 4
22 21 7
57 43 19
17 17 8
82 45 11
91 72 23
92 50 2
8 0 0
69 17 5
88 41 17
65 28 27
61 51 44
58 48 26
50 40 20
26 15 3
13 0 0
47 21 9
52 7 5
5 3 0
78 5 5
90 34 34
50 12 3
95 10 4
28 0 0
47 40 3
66 36 12
18 13 8
9 0 0
30 16 10
98 13 8
29 21 8
19 10 9
44 21 10
56 31 19
28 2 0
37 5 4
28 10 10
88 1 0
77 29 19
67 38 21
41 29 16
67 29 28
6 3 3
62 54 16
42 2 0
17 9 2
5 4 1
100 48 2
56 21 19
27 4 0
90 38 17
38 24 14
17 14 10
24 22 15
87 15 12
52 33 29
84 3 1
57 17 12
23 2 0
66 47 21
83 58 15
52 7 5
41 18 10
47 11 8
76 10 3
4 0 0
19 15 6
100 30 4
82 5 4
95 51 33
56 53 23
54 26 1
55 45 35
69 25 8
57 2 0
60 4 2
47 19 3
73 68 49
39 35 17
51 45 34
84 59 1
79 69 20
75 8 3
90 9 4
49 1 0
36 21 13
56 35 16
91 19 10
98 91 1
51 3 3
19 6 2
32 30 20
42 6 2
41 18 17
27 24 16
75 3 3
88 33 15
84 2 0
66 15 1
64 51 8
23 5 2
50 4 2
95 46 27
16 15 13
82 75 9
48 18 10
27 11 11
65 3 0
85 76 76
79 51 17
43 41 26
66 42 27
73 49 2
90 52 23
60 44 30
29 25 4
86 48 44
86 54 22
18 12 0
31 22 2
76 13 2
23 14 6
50 40 23
52 10 0
21 18 14
84 57 27
14 12 3
52 52 39
81 44 2
67 33 12
28 12 2
82 10 1
36 3 3
79 71 35
27 24 14
13 13 0
36 4 1
76 47 10
43 32 12
75 62 22
54 19 10
17 13 13
87 30 30
30 26 5
41 34 12
31 2 1
79 45 16
20 11 0
43 3 0
60 49 31
58 10 5
60 41 39
89 27 25
46 41 27
87 11 7
31 5 5
63 23 23
99 63 15
91 89 2
67 56 15
98 21 0
11 4 4
86 35 14
12 0 0
13 8 0
69 39 21
94 83 20
25 3 3
85 53 24
19 19 12
3 1 1
42 21 20
3 0 0
22 10 0
31 16 11
19 12 7
72 7 2
68 22 12
28 9 6
44 31 21
77 25 6
86 14 2
28 9 6
95 67 61
33 7 1
31 23 13
16 9 7
6 1 1
99 17 3
85 14 1
82 73 28
41 24 21
18 9 1
56 51 32
10 0 0
99 14 5
89 51 48
28 15 14
37 6 1
4 4 2
47 1 0
70 21 8
68 40 0
89 52 45
10 0 0
8 0 0
5 4 4
21 1 0
79 77 58
54 47 24
42 17 8
22 22 11
28 10 9
39 27 21
3 0 0
50 38 1
16 16 12
10 9 5
47 27 10
19 8 0
16 1 1
22 7 4
25 7 7
96 13 13
41 16 12
69 3 3
32 7 3
68 68 4
54 31 10
28 13 7
47 3 0
4 4 2
24 14 3
72 62 36
87 0 0
82 2 2
65 33 16
40 22 18
80 1 0
62 24 19
45 31 18
70 61 17
9 6 4
89 67 64
50 31 16
44 41 6
74 61 60
51 2 2
39 9 1
34 23 10
5 1 0
19 0 0
98 74 14
66 37 37
70 43 4
2 0 0
35 31 10
47 33 6
6 1 0
69 14 9
63 52 24
87 7 5
96 39 29
12 6 6
8 7 0
68 13 0
79 71 49
1 1 0
26 25 5
32 16 5
81 38 7
21 3 1
22 10 2
44 43 36
26 8 8
67 56 3
13 4 3
86 33 28
40 28 12
13 3 0
91 31 25
82 72 5
51 1 0
97 14 5
37 13 2
93 43 20
65 43 2
89 58 11
9 9 5
36 30 8
84 69 41
69 17 7
29 28 22
11 10 4
27 23 13
35 3 1
3 3 0
61 59 17
63 0 0
28 11 0
41 6 4
32 9 4
75 63 16
43 34 9
31 28 25
13 6 2
58 25 12
74 9 0
3 2 2
32 19 15
24 16 16
23 21 14
58 34 13
82 14 11
93 5 4
27 1 0
28 24 19
61 21 10
61 22 15
41 37 21
88 38 17
81 49 18
94 71 8
54 19 3
72 64 24
74 17 1
46 28 10
42 28 2
22 8 7
49 34 14
2 0 0
73 1 1
42 40 18
86 35 34
1 0 0
65 19 1
94 22 3
97 53 19
96 53 5
44 20 10
26 5 2
64 26 22
29 24 11
34 5 5
8 7 6
97 97 57
30 5 2
35 21 11
20 10 2
49 7 4
62 39 11
46 39 14
85 59 59
21 2 1
59 8 3
21 12 11
28 5 3
30 11 4
68 45 30
62 12 6
66 14 13
77 66 62
24 15 15
43 9 3
24 19 11
67 23 23
86 57 50
29 8 5
41 19 13
69 30 24
4 1 0
72 0 0
40 39 19
83 19 12
38 21 11
10 5 2
97 22 22
82 64 7
45 30 17
11 6 6
26 1 0
49 35 4
79 16 1
50 5 3
82 78 13
85 72 60
79 73 45
92 59 41
4 2 2
36 24 16
48 4 4
58 11 11
94 18 9
76 15 5
2 2 1
94 51 5
67 62 38
58 52 51
51 45 5
34 31 19
27 23 9
33 12 7
25 23 12
44 18 1
26 10 1
55 39 21
40 33 4
31 14 6
59 24 12
70 29 8
74 60 3
99 67 49
95 11 3
91 55 4
85 42 7
10 3 1
52 23 18
88 81 0
61 58 0
24 19 1
62 62 57
76 76 48
73 41 35
48 40 29
76 64 17
62 1 0
47 15 5
49 16 16
77 67 11
81 50 33
94 43 35
42 18 10
10 7 7
69 52 19
19 10 7
81 73 55
13 4 1
54 53 11
87 7 6
18 16 12
21 11 8
16 3 2
6 1 1
37 13 12
99 41 16
76 55 45
29 7 3
10 0 0
58 20 20
84 27 8
61 47 37
53 28 0
87 11 7
37 29 7
1 1 0
55 36 14
60 55 11
16 12 10
22 22 21
55 10 2
95 86 84
41 10 8
81 17 13
76 67 54
43 29 1
56 48 35
90 2 0
61 5 5
28 11 4
72 27 11
63 43 41
73 31 16
69 37 37
4 2 1
70 65 33
61 6 5
56 5 4
79 45 36
97 34 7
61 37 23
8 6 0
2 1 1
42 3 2
67 12 9
17 7 1
40 35 29
42 9 6
82 30 7
80 27 16
53 43 32
58 24 19
90 82 47
37 31 20
35 35 17
55 55 30
45 30 3
58 5 4
37 6 4
41 12 2
97 70 44
29 7 5
51 38 30
82 1 0
94 5 1
91 2 2
94 0 0
62 35 9
2 2 0
94 38 18
32 17 15
30 15 6
47 43 4
32 11 6
26 5 0
99 44 9
15 5 5
13 12 12
86 52 30
16 10 4
33 26 15
43 29 3
49 8 5
94 86 16
16 15 9
99 67 53
48 48 25
59 26 0
43 16 15
34 1 0
74 60 23
10 0 0
75 2 2
67 3 1
19 6 6
24 11 10
78 67 0
68 32 10
13 0 0
9 9 5
53 8 7
30 12 1
68 59 56
66 17 9
55 21 12
14 4 2
40 39 18
52 5 2
10 2 2
5 5 5
50 11 0
31 27 27
42 7 1
78 14 9
38 28 18
36 16 14
70 54 7
88 62 20
52 29 4
52 9 3
74 26 6
38 28 6
57 35 12
6 0 0
3 1 1
13 8 7
12 2 0
81 11 9
87 37 31
91 84 20
57 29 27
84 2 1
3 3 2
83 28 10
39 18 6
24 5 0
3 1 0
16 9 8
66 38 1
61 0 0
7 2 0
56 49 17
39 0 0
97 96 60
11 0 0
67 51 34
52 43 7
34 1 1
2 0 0
11 11 3
13 7 2
28 2 1
45 20 20
74 15 2
71 32 14
86 4 0
84 43 12
80 12 10
1 1 0
86 61 1
77 67 44
83 14 8
35 11 2
87 28 0
22 21 17
77 33 8
79 11 10
76 75 17
38 11 2
78 3 2
58 10 8
34 3 0
15 4 4
37 9 9
50 43 13
63 20 18
95 58 39
45 11 5
46 2 1
5 4 1
31 21 14
88 0 0
4 3 0
75 41 19
74 13 1
23 12 6
60 14 1
15 10 4
25 1 0
84 43 30
31 25 11
93 35 5
5 2 1
49 41 17
17 0 0
24 16 9
4 0 0
82 12 8
85 84 55
51 16 5
61 18 15
20 5 0
66 38 24
60 28 12
43 38 13
64 34 3
37 1 1
8 1 0
21 8 8
73 41 40
69 65 42
43 5 2
77 10 4
80 5 5
26 12 3
89 40 29
42 23 18
46 25 0
18 14 13
30 18 7
67 14 2
9 2 2
2 2 1
96 74 33
45 23 0
13 13 10
26 22 12
37 2 2
77 25 10
32 1 0
4 3 2
2 2 2
100 73 18
61 29 10
46 44 18
47 2 0
81 77 52
82 77 68
11 4 4
86 29 12
82 10 2
68 22 18
38 14 6
16 9 7
39 1 1
79 39 21
24 14 12
69 12 2
57 51 16
59 40 4
3 1 0
55 4 4
77 39 22
68 7 1
77 36 25
96 16 8
89 66 61
82 60 33
62 7 4
58 41 8
5 0 0
4 4 0
10 10 10
72 57 37
2 0 0
44 38 36
46 33 12
39 8 6
56 46 34
9 0 0
81 80 30
7 1 0
4 4 0
59 22 1
86 51 13
27 23 7
61 6 2
11 2 0
97 81 79
28 7 5
9 8 7
46 40 24
95 15 8
30 20 13
72 54 38
97 41 27
53 7 1
75 64 12
98 16 8
81 29 14
35 27 20
15 13 12
24 23 12
25 8 7
88 6 5
18 15 5
8 7 6
53 23 10
41 24 10
78 16 7
72 16 10
57 46 34
37 14 0
69 50 28
59 19 2
95 80 43
4 0 0
98 18 12
89 32 0
24 19 3
82 63 13
20 4 0
87 37 22
29 17 6
24 15 1
98 76 50
97 68 68
73 16 16
3 2 2
86 4 3
49 6 6
78 56 55
40 3 0
58 16 4
56 24 2
25 17 4
83 66 12
88 34 27
93 32 19
42 22 18
60 21 10
74 5 2
37 0 0
41 20 8
3 3 2
32 29 3
22 3 1
29 7 3
98 79 0
69 4 2
65 61 35
20 4 0
52 12 1
53 43 0
47 29 22
13 12 12
97 60 32
46 14 14
34 26 0
66 51 34
23 21 21
10 9 7
52 22 15
89 64 62
29 12 6
33 11 10
73 35 4
83 72 69
2 1 0
74 10 6
40 35 24
11 2 0
61 0 0
25 16 1
49 16 10
35 3 1
17 9 8
65 32 19
11 7 2
6 2 1
13 6 5
1 1 0
89 65 24
28 23 20
24 20 8
74 56 35
87 14 4
67 62 42
7 4 4
93 73 37
90 6 4
71 1 1
47 5 4
21 5 3
33 8 4
60 34 30
85 37 7
34 33 19
41 29 20
56 23 5
3 1 1
27 7 4
34 2 0
40 3 3
18 0 0
15 6 0
23 22 7
52 25 14
72 22 16
92 60 3
69 48 37
16 11 8
37 28 19
67 5 2
38 20 9
73 23 5
45 17 4
44 30 5
36 28 21
79 32 19
15 9 2
35 24 13
59 4 0
85 58 47
86 60 56
45 15 5
71 55 0
99 2 2
67 57 24
15 4 3
47 10 1
21 10 8
60 19 3
52 49 25
34 28 16
27 21 12
96 73 38
65 59 18
32 12 5
72 72 63
77 8 4
15 0 0
54 10 1
77 41 39
54 22 5
19 10 3
48 40 39
84 50 33
22 3 1
50 43 23
46 20 11
28 7 3
31 16 11
12 9 8
5 0 0
51 44 41
37 3 3
91 22 22
57 22 19
55 5 4
98 40 11
85 46 31
88 58 38
19 8 0
77 12 11
48 35 6
61 39 10
12 9 6
65 13 0
3 3 2
97 66 15
29 12 1
12 4 0
3 2 1
75 71 64
85 60 38
52 44 16
22 17 3
30 23 8
47 35 16
25 7 4
10 7 5
33 20 6
73 13 7
93 23 6
98 53 14
41 31 18
7 0 0
90 78 14
94 24 10
78 19 19
87 36 27
60 8 5
85 5 0
28 27 25
23 3 1
11 3 0
58 22 4
73 64 26
74 57 17
9 5 3
80 29 11
15 2 1
72 1 0
10 10 3
99 67 17
29 28 14
49 37 13
82 10 8
60 5 0
77 35 19
10 1 0
72 15 8
94 61 60
50 5 4
80 8 8
37 5 1
9 7 0
6 6 0
65 39 32
32 26 3
83 31 10
10 8 0
18 9 8
93 65 38
17 17 7
8 2 2
30 27 24
38 35 10
58 12 2
63 59 58
60 29 27
86 24 13
3 0 0
81 66 26
81 56 31
55 3 0
77 2 1
49 24 2
52 24 23
96 22 11
6 3 2
43 10 7
83 40 13
19 4 0
1 1 0
7 7 0
31 15 12
77 60 18
55 55 34
28 7 3
81 55 32
47 33 19
83 12 7
12 9 0
72 35 1
85 27 4
5 3 3
61 0 0
92 75 30
58 4 2
17 5 1
86 43 17
45 22 19
100 33 13
32 21 16
21 20 18
73 28 14
17 7 6
48 20 13
23 5 2
35 1 1
43 10 7
88 48 46
1 0 0
56 6 5
50 31 31
41 2 2
60 37 14
86 6 5
23 16 5
49 36 9
96 31 5
59 7 4
24 19 6
98 29 23
9 4 3
88 4 1
39 36 5
24 13 4
36 14 6
82 1 1
81 17 1
18 14 3
38 22 16
96 80 70
20 4 1
33 13 1
61 52 7
68 56 4
4 3 0
41 13 1
68 67 18
23 21 2
98 78 30
45 18 8
14 3 2
12 4 1
75 42 27
14 12 1
19 12 6
11 0 0
86 19 16
45 38 15
45 37 27
10 10 6
89 13 8
91 20 16
55 35 14
66 59 3
1 0 0
46 27 8
30 20 3
86 66 9
31 2 0
55 11 4
100 30 8
39 2 2
7 4 0
13 1 1
76 45 44
3 2 1
83 16 6
87 9 4
36 17 6
81 40 11
66 0 0
55 47 7
9 9 3
6 3 0
60 14 14
40 23 0
4 0 0
91 23 22
47 15 2
14 11 4
55 8 1
56 9 7
63 7 2
78 38 38
67 56 56
81 9 3
17 6 3
6 1 0
80 25 5
26 4 1
46 8 2
39 18 0
96 61 30
75 70 16
87 36 28
59 20 0
95 4 4
28 25 19
44 42 40
32 16 9
23 18 18
82 8 4
17 2 2
35 10 2
94 52 14
53 51 31
55 29 13
99 4 2
32 28 14
96 83 19
60 51 13
23 10 2
47 26 7
44 35 33
91 37 6
6 1 1
73 1 0
9 1 0
18 14 5
31 16 3
74 57 4
92 58 27
74 27 4
65 42 23
95 74 19
45 16 0
30 2 1
40 33 3
6 3 0
71 28 3
19 1 0
72 23 10
62 34 13
59 34 31
95 92 41
17 12 8
75 21 10
77 66 2
72 14 5
92 30 12
84 17 7
9 3 2
39 7 0
74 37 2
5 5 1
75 3 3
40 11 1
74 4 4
37 1 1
97 90 73
37 29 17
78 16 12
12 2 1
16 0 0
7 0 0
74 4 1
17 7 0
62 25 20
4 3 3
95 95 31
10 8 5
67 60 59
90 49 6
92 31 23
83 69 57
58 17 11
84 25 11
88 46 3
94 86 55
77 33 22
76 46 7
74 8 6
32 32 14
88 55 55
68 62 38
75 45 37
89 42 38
96 31 22
70 12 6
99 52 2
31 31 18
2 2 2
41 36 2
61 26 8
80 37 16
52 33 21
55 33 30
53 34 21
60 57 30
30 4 0
57 45 18
51 18 2
78 48 24
84 18 3
7 2 0
83 21 4
21 20 17
3 0 0
64 11 7
2 1 1
45 21 14
63 43 11
86 78 64
93 80 45
73 66 40
95 33 32
83 9 0
29 9 3
75 10 10
42 1 1
29 22 6
66 19 1
5 1 0
35 15 6
20 3 1
35 6 5
87 32 28
28 10 7
13 10 5
1 0 0
70 5 4
32 7 6
34 21 17
56 36 30
31 14 10
68 57 20
50 16 15
1 0 0
19 2 1
75 26 23
68 24 14
44 20 2
67 56 48
24 11 1
5 4 3
86 78 28
12 4 2
15 10 6
23 4 4
13 2 2
75 5 3
41 19 5
25 13 1
83 30 30
100 23 3
43 40 26
99 39 6
58 34 4
95 24 17
74 40 40
48 0 0
37 32 6
22 3 0
40 8 1
93 20 18
17 0 0
77 9 9
76 62 2
60 30 12
53 22 19
28 3 1
52 43 24
22 19 3
54 4 3
73 67 44
35 15 6
25 17 5
7 2 2
42 16 14
58 52 46
65 35 11
39 4 3
19 5 0
34 26 18
62 62 5
6 3 1
8 3 0
68 5 3
46 13 1
85 45 23
10 4 4
73 65 34
6 4 1
87 56 28
2 2 1
96 21 10
37 36 36
53 45 13
68 63 43
45 44 2
36 34 13
72 62 59
1 1 1
47 19 19
16 1 1
80 40 17
23 7 5
20 16 7
77 75 4
89 52 31
11 3 2
61 5 4
77 41 15
28 28 15
99 96 91
100 84 12
88 79 2
21 14 10
68 24 18
24 10 2
75 51 1
29 10 7
11 4 0
26 12 11
61 3 0
21 15 12
48 34 32
82 65 16
25 21 13
43 19 0
85 49 19
86 17 9
19 3 3
34 3 2
31 13 12
23 5 3
95 40 9
65 55 13
3 1 1
38 27 16
10 6 1
81 59 46
61 43 21
80 5 1
15 10 3
67 29 13
84 8 3
53 9 9
98 9 8
87 50 40
95 87 9
48 13 10
74 45 39
83 15 6
5 5 0
95 51 41
31 30 23
6 1 0
7 4 4
6 3 0
96 70 36
13 6 5
92 22 20
1 0 0
75 36 5
44 44 13
33 9 7
38 17 15
71 29 17
85 82 82
69 47 25
85 35 33
9 2 2
57 11 0
57 13 12
22 11 11
22 21 14
89 52 0
79 42 31
36 8 1
100 28 5
17 9 4
87 0 0
30 20 5
34 11 9
3 1 0
82 11 7
3 3 3
22 21 6
98 62 46
84 81 49
27 21 9
91 71 47
20 4 0
10 9 2
40 6 6
100 98 74
75 35 16
54 29 5
56 12 1
17 2 0
56 13 12
7 1 1
34 29 9
90 86 63
82 42 27
83 12 6
68 0 0
24 15 11
81 77 6
76 43 41
7 2 2
43 41 6
22 20 13
73 63 63
31 16 13
48 46 33
55 6 5
6 1 1
21 3 0
49 42 21
22 13 12
70 52 32
82 37 25
31 30 25
26 1 1
58 7 4
74 74 38
4 1 1
50 14 11
18 10 3
26 25 2
80 42 24
39 3 2
84 66 29
9 1 0
43 33 5
19 14 4
58 29 22
81 21 21
74 63 59
8 6 1
92 66 45
68 10 6
62 41 15
46 14 2
50 31 0
26 25 18
75 48 37
60 17 9
95 62 37
82 40 8
94 64 3
48 45 18
78 45 44
13 10 6
80 18 18
40 1 0
67 43 24
63 26 20
31 29 13
87 50 27
60 21 10
78 35 15
31 4 2
5 3 3
6 3 3
28 24 19
40 34 19
49 2 2
90 58 36
85 40 17
41 0 0
53 51 49
40 23 5
13 0 0
68 37 7
55 12 3
51 0 0
82 56 29
56 3 0
19 13 4
53 13 2
50 27 18
63 52 16
13 6 1
67 27 27
54 8 0
65 33 1
66 42 42
72 15 0
12 2 2
72 55 38
17 12 7
71 63 28
16 3 0
10 7 0
57 15 13
84 47 37
32 23 14
51 40 27
32 19 13
57 46 11
20 10 9
71 24 22
51 40 0
24 0 0
56 55 15
1 0 0
14 2 1
24 0 0
87 37 23
20 14 10
29 28 5
14 1 0
86 79 0
61 12 9
5 3 2
21 8 3
28 22 2
88 23 8
24 12 3
99 6 3
36 24 12
52 39 18
17 2 0
97 30 5
55 9 0
93 11 0
100 77 11
3 3 2
7 2 0
45 24 8
24 22 0
63 39 14
34 2 1
86 25 1
94 34 2
14 9 7
98 61 33
12 11 0
74 74 10
76 62 50
84 0 0
30 10 5
76 58 57
7 1 1
38 12 5
70 45 2
79 26 16
88 26 13
36 32 31
98 49 17
72 32 31
45 30 17
70 27 20
9 5 2
16 13 5
93 19 1
83 71 43
87 74 36
59 57 43
56 11 8
76 41 31
40 4 0
16 11 8
81 47 40
75 31 8
40 34 19
93 47 45
81 12 9
69 50 10
28 24 4
37 32 19
30 25 23
37 19 18
33 25 12
77 9 3
6 3 0
92 55 1
9 3 1
49 21 1
47 29 15
3 1 1
36 26 6
44 41 5
94 45 32
48 32 19
21 10 0
57 29 27
91 39 20
56 44 12
12 11 11
17 6 3
46 5 2
92 86 68
69 0 0
9 9 5
87 0 0
94 58 2
21 8 7
2 1 0
4 4 2
7 1 0
99 54 36
9 5 0
25 7 4
31 18 8
57 34 21
58 22 4
27 6 0
71 27 0
91 66 1
33 12 5
3 2 0
36 5 2
76 19 16
68 16 2
60 5 2
71 6 3
15 8 6
30 0 0
70 31 27
100 9 7
38 16 5
79 9 5
70 64 62
26 24 1
8 7 6
6 3 0
10 1 0
92 3 2
53 29 24
48 5 2
35 11 0
12 10 10
39 39 26
36 28 13
38 13 4
52 48 33
36 19 17
16 16 6
62 39 21
16 1 1
62 26 1
50 24 13
19 10 9
98 8 6
1 0 0
39 17 5
84 82 2
53 15 3
71 60 23
65 15 2
28 14 10
3 1 0
68 63 16
40 2 1
100 86 14
51 31 5
55 6 2
16 12 9
79 77 40
96 58 14
67 56 27
77 35 3
91 34 28
47 26 7
81 65 15
81 50 23
98 13 5
72 62 34
14 2 0
88 27 0
61 25 0
43 10 8
87 60 14
62 12 1
15 11 1
48 24 13
49 20 20
5 4 2
15 13 3
2 2 0
82 28 25
82 28 12
6 2 1
72 48 11
20 18 15
49 10 3
15 8 0
18 3 2
75 10 3
16 11 7
37 22 16
51 14 3
39 39 3
39 22 20
51 9 2
53 19 2
27 23 11
21 5 1
7 7 2
98 89 85
85 13 8
76 1 0
15 3 3
38 20 10
8 6 5
91 28 7
33 14 4
36 11 4
4 2 0
98 65 44
75 29 27
13 6 0
45 8 3
80 11 7
37 21 16
35 9 4
27 14 5
78 28 21
2 0 0
29 17 11
24 2 1
21 2 1
24 11 3
21 2 0
52 43 23
19 3 0
25 13 6
98 46 29
56 32 16
7 0 0
50 48 37
19 15 6
40 22 18
27 19 12
19 14 6
74 64 9
34 19 6
33 8 0
9 3 0
13 13 12
43 13 13
77 11 6
28 10 10
87 76 15
39 34 15
20 9 5
17 17 4
55 21 20
11 1 1
91 49 1
71 32 12
26 14 3
29 9 3
2 1 1
18 7 0
28 27 23
55 20 6
71 58 37
77 12 3
29 1 0
80 16 2
84 71 0
59 39 8
44 15 14
65 53 44
93 60 42
1 1 0
25 5 4
99 22 2
77 14 7
29 1 1
45 6 1
54 34 24
82 42 32
68 50 36
2 1 1
57 56 8
95 94 40
24 0 0
53 13 5
77 63 30
14 7 6
95 47 44
94 83 13
66 51 51
78 70 61
55 16 3
7 7 5
5 2 1
24 13 11
94 81 42
48 10 5
15 13 7
59 11 9
69 18 10
60 51 41
77 36 1
72 18 12
69 14 3
67 30 26
94 83 34
31 6 3
69 16 13
15 15 2
100 61 46
93 20 2
98 4 2
19 5 2
4 3 1
22 16 2
31 1 0
57 55 0
63 56 14
47 14 6
53 47 7
48 13 1
8 4 2
92 6 1
54 33 21
3 1 1
10 8 5
72 21 18
37 18 5
66 14 6
74 70 6
25 10 6
30 22 5
69 32 27
61 37 1
30 8 4
92 10 9
91 19 4
57 47 14
12 11 3
20 6 4
82 35 24
90 73 41
44 9 3
15 14 0
2 0 0
82 56 18
86 25 21
70 13 6
1 0 0
72 0 0
40 37 32
100 23 4
11 5 4
64 11 8
64 4 1
67 37 0
81 5 0
30 7 7
50 46 45
62 11 11
83 34 33
93 65 10
17 9 1
27 22 0
31 6 5
62 27 19
12 8 2
23 17 17
50 1 1
6 1 1
65 57 17
5 3 3
67 17 4
50 49 49
64 38 21
14 1 1
29 10 10
100 91 72
47 21 20
66 5 3
85 30 24
39 18 6
82 40 33
20 13 13
69 58 40
96 66 34
15 10 7
54 15 8
98 72 21
92 56 33
1 1 1
59 51 1
6 2 2
10 7 7
45 32 23
97 93 25
76 39 23
44 39 8
77 7 7
23 20 7
91 1 1
42 32 11
36 30 24
34 16 10
89 63 35
13 3 3
23 6 4
46 12 1
35 30 7
86 8 4
14 10 10
55 16 0
47 43 31
75 68 43
7 4 2
14 10 7
41 11 7
54 44 7
59 50 25
100 59 3
74 54 15
81 6 6
80 6 0
27 9 2
81 19 5
90 4 0
51 13 9
38 30 7
95 92 49
50 43 32
25 23 17
10 6 5
100 72 2
80 57 29
33 32 19
98 32 11
40 15 13
81 8 5
66 1 0
82 72 33
66 18 8
80 35 8
77 0 0
9 1 0
2 0 0
10 8 6
3 3 1
68 39 18
64 31 8
97 62 34
21 2 0
7 7 0
91 47 12
52 2 0
17 5 3
17 11 8
95 37 27
49 42 4
67 44 35
43 0 0
79 4 4
99 83 77
59 25 1
64 12 8
44 35 22
27 1 1
67 56 23
3 0 0
62 23 15
62 56 50
36 26 14
51 9 0
36 1 0
69 2 0
62 13 8
13 10 5
86 12 4
85 50 47
76 42 24
75 14 0
78 6 2
5 0 0
68 57 33
56 37 16
73 5 1
87 73 11
14 5 4
50 14 3
45 0 0
67 40 30
57 29 18
46 8 7
36 34 10
81 21 8
53 53 45
39 9 9
72 43 0
16 12 6
77 34 11
63 2 0
39 2 2
90 58 0
16 16 2
58 18 8
32 24 24
4 4 0
85 37 5
13 4 1
68 63 40
81 36 4
74 9 3
24 23 0
87 21 19
35 31 10
23 6 1
74 9 1
74 20 15
42 39 32
73 22 4
65 56 45
36 7 0
41 26 18
25 17 0
76 11 7
74 26 4
76 42 37
67 10 6
23 7 2
7 3 2
48 33 19
60 58 24
80 47 13
51 15 8
35 3 1
94 14 2
59 11 5
86 53 37
59 11 2
93 58 45
3 1 0
74 14 7
27 4 3
36 6 3
92 48 39
25 21 7
62 43 18
28 6 6
43 35 19
54 48 43
80 21 7
90 38 25
19 9 9
7 0 0
30 8 0
13 11 6
84 22 13
66 22 11
78 53 28
42 29 1
15 10 6
94 78 23
90 19 2
81 21 8
19 17 1
40 6 2
87 84 25
21 13 4
28 8 8
66 48 14
79 26 17
21 16 2
15 5 1
89 41 3
80 62 59
29 21 1
62 20 19
44 31 26
98 25 1
23 21 11
19 3 0
21 17 2
15 9 7
23 2 0
50 40 7
26 15 13
63 51 26
96 89 13
90 80 2
24 18 11
41 38 30
5 0 0
61 23 4
98 80 30
97 32 11
79 47 12
32 15 15
94 66 58
37 15 14
88 34 28
16 7 4
99 97 24
57 28 20
57 55 36
35 23 18
26 13 5
7 0 0
42 19 14
24 16 13
54 0 0
54 52 18
94 12 1
95 26 24
22 4 0
51 41 22
81 22 7
39 0 0
37 28 1
24 22 4
36 24 24
100 46 28
58 29 16
13 2 0
78 40 38
98 48 27
22 7 6
80 62 29
98 50 30
25 3 2
94 39 37
44 31 10
93 73 4
91 5 2
44 39 5
11 7 5
27 17 3
17 2 0
40 39 25
85 71 55
80 61 25
77 40 29
35 10 1
95 84 26
3 3 3
81 35 7
78 17 16
27 4 0
66 1 1
31 4 2
98 1 1
2 1 1
93 86 13
78 64 62
19 7 1
47 15 3
58 48 6
26 19 14
78 53 10
63 37 20
57 25 15
3 0 0
46 38 37
80 55 55
42 20 6
79 38 22
50 8 6
37 0 0
51 17 2
85 25 3
75 63 42
52 0 0
45 11 11
35 22 16
22 14 11
8 2 0
21 3 1
90 41 21
41 7 2
91 38 0
71 20 6
81 4 3
72 32 8
87 22 11
3 0 0
40 4 0
46 38 30
80 15 14
65 14 2
80 48 46
37 22 6
94 71 14
5 0 0
14 8 1
6 4 0
16 12 7
28 1 0
91 90 58
93 90 14
33 23 16
94 15 2
8 7 1
74 44 22
36 19 15
33 18 10
85 45 27
1 1 0
53 49 26
31 4 4
74 2 1
78 76 17
13 1 0
58 53 51
86 42 30
81 18 15
99 86 0
79 47 47
17 3 2
94 11 2
25 15 10
89 56 33
76 21 21
78 21 13
51 27 13
10 7 7
10 10 6
20 19 17
67 8 2
94 36 16
40 24 24
91 18 5
43 1 0
52 41 34
91 60 44
53 19 18
64 6 4
14 5 2
51 1 1
32 27 14
34 1 0
35 3 2
12 6 3
78 74 8
42 18 9
89 71 43
48 16 0
20 10 9
85 80 28
58 13 1
84 21 17
88 39 12
10 0 0
25 3 2
10 10 4
64 57 22
99 94 15
25 10 5
61 52 36
27 15 3
14 0 0
15 10 3
68 40 40
70 66 16
16 10 2
54 20 17
34 8 8
69 4 0
24 0 0
50 41 9
29 16 8
98 63 44
88 84 26
66 47 19
10 5 1
60 60 2
10 4 0
55 27 22
65 57 9
26 22 18
93 56 0
3 1 0
43 1 0
27 14 9
78 40 26
55 19 9
25 0 0
85 76 54
11 11 10
61 6 0
15 8 4
88 58 22
94 3 1
52 1 1
31 25 5
99 83 54
60 23 14
48 47 21
31 14 9
86 80 44
12 6 0
39 12 11
63 1 1
76 47 28
91 43 1
70 67 37
24 8 2
11 7 4
40 16 7
24 23 12
44 11 0
88 44 26
16 4 4
69 13 5
21 2 0
55 41 28
24 1 0
52 29 0
28 3 2
10 9 1
10 3 3
95 59 44
3 2 2
77 18 8
72 51 24
67 29 25
63 12 12
15 3 1
27 11 11
25 0 0
98 50 31
58 32 25
42 37 34
16 13 13
56 53 52
52 46 3
78 12 0
56 45 34
98 42 10
41 14 4
14 6 4
6 1 0
10 4 1
89 27 15
62 29 26
2 2 2
63 47 37
68 5 2
72 9 9
100 37 27
64 55 7
74 12 8
28 9 9
24 12 4
96 59 50
14 14 1
96 55 35
5 1 0
55 54 53
77 73 27
42 36 22
49 17 5
7 0 0
8 4 3
64 57 20
34 5 0
23 15 4
6 3 3
40 24 1
26 10 1
51 28 9
86 64 16
83 82 80
4 1 1
37 24 24
95 94 6
27 8 0
47 45 22
22 21 14
75 38 36
6 1 1
30 6 6
23 23 16
60 55 17
18 14 11
42 4 0
99 2 2
83 56 30
51 49 28
9 6 5
82 28 20
15 6 5
5 0 0
61 12 11
90 89 15
8 3 3
48 8 6
32 3 2
70 16 5
48 38 15
45 24 12
62 52 51
84 84 8
46 39 24
51 2 2
86 13 0
97 57 2
11 5 1
26 1 1
62 35 24
46 36 1
83 78 31
7 6 1
36 12 12
80 28 16
10 8 3
14 3 0
42 4 3
77 38 29
21 21 16
33 24 12
48 10 1
28 4 2
29 6 5
11 8 4
16 0 0
50 29 1
62 38 23
35 28 26
90 13 10
75 4 1
37 28 11
37 35 29
12 3 2
6 0 0
69 23 15
87 19 1
8 3 0
47 47 24
24 20 18
56 32 27
89 14 7
57 39 36
67 30 29
53 33 25
95 63 48
6 6 4
99 5 0
63 11 3
28 15 11
12 11 10
49 22 6
38 34 32
55 13 13
31 5 0
74 70 60
3 0 0
66 38 12
74 14 1
17 3 1
81 47 35
91 87 42
35 9 9
55 47 30
60 20 9
5 3 2
61 45 20
63 50 37
70 24 15
33 28 21
23 20 9
46 14 4
44 28 22
73 49 38
51 22 8
78 78 1
100 14 14
74 66 10
50 28 6
43 30 20
79 4 3
70 59 50
64 15 3
56 47 6
94 55 32
14 8 2
89 67 1
73 61 54
84 24 10
42 11 6
69 16 15
93 39 29
55 45 42
90 59 16
56 50 36
60 52 49
59 43 40
13 8 8
35 15 12
47 28 2
29 13 5
8 5 2
77 21 13
84 53 37
100 1 1
29 4 2
96 76 0
5 1 1
76 36 4
12 0 0
7 5 0
38 8 0
26 20 12
36 18 14
73 42 32
32 20 10
74 49 6
44 25 9
61 7 4
10 5 5
35 21 5
1 0 0
4 2 1
98 2 0
20 12 12
29 18 6
32 19 18
41 31 2
66 12 9
95 4 3
72 50 9
79 46 10
71 45 9
29 8 4
35 29 5
41 27 23
23 21 19
34 6 4
24 21 10
70 15 2
83 72 36
73 10 9
25 9 9
17 7 7
83 27 5
48 46 12
43 13 11
95 86 48
45 34 21
7 7 7
42 1 1
31 2 2
78 33 33
87 55 16
7 1 1
8 6 5
66 49 41
70 25 14
2 2 0
85 25 9
9 4 3
96 53 26
78 22 11
25 12 9
17 0 0
40 6 3
86 20 13
78 73 32
100 71 11
24 22 17
71 36 2
25 1 1
61 59 13
52 17 8
18 4 3
89 9 6
64 60 11
37 8 3
51 19 14
54 11 6
53 44 0
36 13 12
85 18 10
79 55 12
7 4 1
75 8 6
43 39 23
76 76 2
43 30 10
98 72 21
28 8 0
39 27 9
29 3 1
24 1 1
4 4 4
31 30 12
99 28 26
94 39 25
93 82 43
47 7 4
27 11 0
55 17 15
8 8 3
46 30 9
71 71 15
100 83 33
22 5 0
4 4 1
29 26 24
53 44 12
77 66 54
5 1 0
72 47 21
63 31 13
7 5 2
10 2 0
52 16 16
74 42 16
100 59 22
76 47 17
48 10 4
47 35 4
7 3 3
60 46 4
29 13 2
70 69 43
60 26 9
1 0 0
39 11 3
14 2 0
71 70 39
40 16 10
77 43 35
88 19 8
70 61 25
42 34 7
7 3 3
87 12 12
84 47 3
79 15 14
24 12 11
49 27 9
5 3 1
16 5 0
96 18 13
99 3 0
86 49 3
61 61 27
1 0 0
100 54 22
38 10 0
14 12 8
76 43 9
81 31 13
37 4 0
76 34 5
68 31 15
72 15 2
39 38 15
61 51 25
99 38 22
74 28 3
78 77 21
87 58 19
36 15 14
98 19 10
64 64 56
91 88 55
65 5 4
22 7 1
88 43 27
89 76 15
23 15 1
96 37 35
77 74 17
7 6 3
38 13 9
54 49 20
20 5 5
36 35 0
49 18 8
52 20 1
6 0 0
43 34 4
39 34 18
33 12 10
1 1 1
58 2 1
80 32 10
53 52 20
42 32 2
92 83 61
32 4 4
88 49 47
98 82 22
96 32 28
32 8 7
69 63 28
97 30 16
80 48 40
45 24 8
25 19 18
66 65 53
86 80 4
35 27 16
39 18 10
55 49 17
68 56 53
36 25 12
78 25 13
28 17 5
38 6 4
56 24 20
43 11 3
90 59 22
38 37 4
19 10 3
86 61 44
48 27 7
37 28 11
52 48 18
40 26 16
38 20 2
35 0 0
14 9 1
76 57 29
68 9 9
21 12 8
55 18 1
18 6 6
38 35 20
10 8 3
11 10 7
6 5 3
81 8 5
74 14 4
23 17 4
82 26 16
71 20 6
28 26 5
32 2 1
8 8 0
47 13 13
56 0 0
26 17 7
49 27 25
58 10 5
77 47 43
90 12 9
49 32 4
90 74 16
64 23 7
11 11 0
72 12 11
30 24 14
1 0 0
14 6 3
36 2 2
40 8 3
31 26 9
28 26 21
20 13 0
67 21 2
79 25 19
15 6 4
6 5 3
74 12 8
45 45 16
50 17 2
61 53 41
55 28 23
15 7 5
99 33 33
7 0 0
94 8 4
89 73 36
88 62 58
1 0 0
3 1 0
35 14 6
94 80 80
73 44 7
82 66 36
85 51 41
53 23 19
19 17 12
80 38 8
4 4 1
28 0 0
91 53 50
22 17 10
54 23 21
54 24 19
39 1 1
88 56 39
15 0 0
29 5 3
51 22 21
29 28 26
13 10 7
15 9 3
86 28 1
95 64 53
89 28 8
78 61 17
5 5 3
61 37 20
34 21 19
76 73 3
41 2 2
63 0 0
37 1 1
85 27 15
90 59 25
36 10 10
28 24 3
35 17 0
38 31 9
91 69 51
74 49 19
77 13 5
25 19 11
69 34 34
16 16 10
2 2 1
64 13 0
70 1 1
46 15 11
44 26 4
47 14 0
16 2 2
17 9 0
88 22 17
75 18 14
17 15 6
40 6 3
4 0 0
17 7 4
12 7 2
68 56 7
25 17 9
93 32 12
13 9 9
69 53 7
51 19 11
45 10 0
28 18 18
85 43 11
53 22 9
75 19 18
24 15 4
27 0 0
9 4 1
90 26 11
85 37 10
48 25 13
90 70 51
36 20 18
28 13 0
60 38 13
30 19 3
2 1 1
44 39 0
48 34 5
35 24 2
73 7 7
6 2 1
85 72 10
77 17 9
41 38 20
49 12 10
25 23 20
60 5 2
72 36 36
77 62 35
81 72 71
77 0 0
91 52 15
59 32 14
39 4 2
100 5 1
21 5 4
77 28 8
28 1 1
66 47 1
24 14 14
49 15 8
36 14 14
67 41 4
21 7 0
58 38 34
59 15 14
74 51 35
97 86 2
77 37 21
46 11 4
82 51 5
90 40 35
54 42 22
2 2 1
23 10 2
20 1 1
15 1 0
70 25 19
57 16 0
52 7 7
41 25 22
94 33 2
55 28 11
33 23 8
18 3 2
58 23 3
77 63 20
48 45 0
49 22 8
49 25 10
68 50 35
58 27 27
54 20 4
70 49 7
83 82 51
49 26 15
28 12 11
93 89 20
43 27 16
52 17 2
20 13 13
77 19 10
12 1 1
84 67 48
93 12 4
61 52 16
61 60 17
57 6 1
20 17 6
56 41 4
70 60 1
50 22 16
92 41 19
48 43 29
4 2 1
27 21 12
78 22 15
82 21 6
37 9 8
91 36 24
46 26 14
72 35 7
75 42 12
60 52 37
98 35 23
73 59 16
35 33 2
59 58 7
89 26 5
20 17 3
2 2 1
54 4 1
5 2 1
66 0 0
72 35 3
19 3 3
16 12 10
74 71 66
54 17 2
75 44 20
40 22 4
72 9 2
70 67 5
75 44 13
86 35 18
57 48 48
68 12 0
96 46 37
22 19 1
86 67 57
79 57 44
45 24 2
59 57 43
92 49 6
7 1 0
1 1 0
99 13 8
86 56 27
70 38 8
43 15 7
72 39 0
10 9 0
63 60 54
86 26 24
42 5 3
58 42 26
53 20 14
41 40 16
95 55 8
73 8 1
49 29 17
61 3 2
34 33 8
32 5 2
86 82 26
77 61 12
65 47 27
19 5 1
33 16 6
81 36 1
100 15 0
17 11 7
28 27 0
94 28 9
8 4 2
28 25 20
7 2 0
42 31 23
23 0 0
19 8 3
22 21 2
6 5 3
81 27 7
61 43 32
79 16 16
82 79 36
78 72 29
19 3 3
46 41 1
57 35 12
25 16 3
49 45 26
90 18 14
33 23 17
13 12 4
11 5 5
7 6 0
65 38 0
60 39 39
72 14 12
84 26 9
44 34 5
68 41 2
40 2 0
1 1 0
59 21 17
44 42 26
60 23 19
2 1 1
42 3 0
1 1 0
48 26 14
93 86 65
68 18 6
80 25 11
8 7 5
89 85 26
48 36 4
55 6 3
57 55 42
13 13 4
47 38 38
8 1 0
85 66 47
13 3 0
4 0 0
17 14 14
10 3 0
98 83 26
42 26 14
65 11 0
97 72 38
85 19 13
46 31 7
22 20 16
10 6 1
24 11 8
3 0 0
11 10 5
1 1 0
62 26 12
98 85 28
57 4 1
30 0 0
90 64 62
10 1 1
55 30 1
59 4 1
23 15 15
52 11 3
50 1 0
38 1 0
58 49 6
22 13 1
13 5 3
95 42 19
73 64 57
14 6 3
75 13 3
7 4 0
2 1 0
72 71 48
70 44 43
76 53 41
91 13 6
84 32 14
64 16 4
58 37 18
17 7 3
54 44 11
71 50 48
81 10 2
30 13 12
73 71 37
96 61 17
84 77 35
50 44 38
49 30 14
91 42 17
46 4 2
69 16 9
10 10 0
5 3 1
65 33 6
11 2 1
54 39 14
41 7 7
44 21 1
28 16 10
15 11 6
12 10 2
24 9 7
69 43 42
70 57 48
2 1 0
60 49 0
26 7 5
13 8 6
34 7 2
53 33 30
28 14 3
28 25 5
35 4 2
30 29 12
84 3 2
44 42 10
46 14 9
39 32 11
24 13 13
42 25 19
40 9 2
38 12 8
45 27 2
70 7 0
72 0 0
67 15 6
58 58 45
83 55 51
39 6 5
55 35 11
40 21 13
62 47 22
96 60 20
58 29 4
23 17 7
91 23 0
73 71 57
44 27 4
71 29 16
36 10 6
95 10 3
76 13 1
58 27 2
28 24 8
14 12 11
51 36 4
36 12 3
13 9 5
73 17 16
91 24 1
8 7 4
65 6 0
54 5 4
68 34 31
76 51 0
53 6 0
18 16 2
76 20 8
13 5 0
68 68 31
94 20 15
34 21 14
50 8 5
89 81 79
7 6 0
28 8 0
92 67 35
73 11 0
14 6 4
36 21 5
26 25 2
80 1 1
76 18 11
20 19 14
95 65 18
62 21 21
23 8 0
18 13 12
55 25 14
61 42 36
22 4 1
51 5 5
58 51 22
2 2 1
48 17 0
21 14 1
28 1 1
31 22 1
61 34 13
28 13 1
49 17 3
71 39 4
78 15 8
72 64 27
41 27 16
43 21 14
54 6 2
21 6 0
65 23 13
50 39 9
63 50 12
83 32 26
87 85 75
52 14 8
99 56 45
24 24 12
38 7 0
13 3 3
70 22 17
63 42 29
52 49 10
11 2 0
37 33 8
40 29 19
25 14 12
87 61 50
51 19 5
92 64 22
91 41 35
61 21 11
25 17 11
87 33 4
14 12 9
39 28 26
28 25 15
77 38 24
26 14 2
31 28 15
65 34 20
92 58 6
61 50 11
38 18 15
54 39 29
95 76 60
16 11 9
64 37 31
17 6 4
9 4 0
56 24 16
29 29 12
89 51 10
92 85 27
44 44 19
33 31 9
2 2 1
75 25 5
38 19 8
95 89 24
35 13 13
54 41 16
6 0 0
73 38 5
88 39 23
17 9 4
2 0 0
18 13 2
41 1 0
1 1 1
76 2 2
81 55 39
7 2 1
15 10 10
94 55 39
50 41 18
76 30 28
41 21 16
8 8 6
44 4 0
9 1 1
8 5 4
67 10 7
80 57 13
84 12 10
24 16 2
34 11 5
69 27 12
97 50 8
13 13 9
11 9 8
24 3 0
7 3 2
68 58 2
75 1 0
20 14 5
19 10 6
24 13 1
48 2 2
41 19 12
98 20 8
46 26 6
70 70 35
24 11 11
27 16 2
23 3 1
11 5 1
65 16 2
30 29 9
9 8 7
1 1 1
14 7 0
56 51 26
45 45 12
60 38 36
37 14 6
50 13 3
33 6 6
54 3 1
13 13 13
76 49 14
99 8 1
11 8 7
66 18 12
34 27 10
38 9 4
1 1 0
90 78 35
80 20 10
69 40 5
99 85 53
13 0 0
62 54 15
15 7 0
96 13 12
82 82 73
96 2 1
48 30 20
6 0 0
95 95 50
79 25 18
58 38 18
97 85 34
53 37 34
73 8 1
65 27 12
69 30 13
82 78 19
88 75 48
40 37 11
2 2 1
2 1 1
86 44 16
21 10 7
71 26 22
17 0 0
53 2 0
75 11 0
77 16 16
37 11 7
76 9 9
40 36 13
93 55 15
2 2 1
28 9 3
18 14 4
54 13 9
83 43 14
99 51 32
11 3 1
62 59 15
34 13 3
83 49 13
58 44 22
59 5 2
14 0 0
35 20 16
42 17 17
68 42 24
48 37 5
77 64 4
4 1 0
32 18 0
45 36 8
19 10 9
21 3 3
71 13 1
70 33 6
43 9 0
20 20 10
35 12 11
17 14 13
51 7 7
35 11 3
18 5 4
26 16 3
81 70 63
84 4 4
74 7 7
45 39 35
10 0 0
84 15 0
100 75 67
91 58 40
62 8 2
76 38 22
46 25 0
5 0 0
94 2 2
33 29 14
21 7 4
33 16 4
73 41 31
24 7 0
30 29 11
61 26 3
91 65 60
41 21 6
80 31 22
4 0 0
30 28 3
94 9 5
64 11 10
93 60 27
65 47 31
97 82 51
69 68 10
57 38 38
2 0 0
72 16 13
15 14 13
94 54 28
39 14 14
5 3 2
79 31 13
74 4 2
18 5 5
3 0 0
85 43 23
11 8 1
12 9 1
60 48 27
88 14 7
20 3 2
78 74 33
39 18 7
69 55 13
56 47 41
46 42 29
69 5 4
24 16 11
98 82 60
31 13 3
38 23 15
65 1 0
23 16 11
12 3 1
1 1 0
46 45 11
100 77 35
82 11 9
63 57 15
83 7 5
32 24 5
16 0 0
64 51 47
50 5 1
43 14 11
45 30 13
92 44 19
95 53 29
17 11 8
16 11 3
85 58 48
91 71 68
62 23 3
37 31 9
36 18 0
14 8 7
69 65 53
21 9 4
92 75 39
33 9 4
72 38 4
100 7 4
33 0 0
40 23 10
89 15 15
28 27 13
56 16 8
71 55 49
55 11 5
74 73 14
10 3 3
42 29 23
90 17 3
65 41 14
19 9 3
42 16 9
83 11 6
77 37 33
75 27 24
92 90 83
92 84 79
63 19 12
48 2 0
56 36 33
74 68 57
37 20 9
12 0 0
66 57 55
19 9 7
12 2 0
31 7 3
45 35 10
57 29 4
99 0 0
62 56 5
86 9 9
47 8 2
51 5 5
68 22 16
57 11 8
39 33 25
74 73 10
4 1 1
18 16 16
85 42 19
71 12 4
72 67 0
68 24 19
39 11 6
59 0 0
71 30 15
66 33 6
7 6 4
96 88 53
34 0 0
48 17 2
76 34 28
29 11 4
75 7 4
33 18 9
62 55 42
96 59 9
81 76 13
24 1 0
72 38 25
42 30 22
69 39 18
97 3 3
30 15 6
38 13 4
74 60 43
32 6 0
33 4 1
80 53 14
42 9 9
5 3 3
41 1 0
71 10 2
62 48 24
57 0 0
61 31 19
98 18 0
33 16 3
24 2 0
19 0 0
98 20 16
13 7 7
87 11 1
53 47 28
37 33 14
66 6 3
57 13 11
59 59 33
98 10 2
3 1 1
91 78 32
9 2 2
21 8 2
26 26 2
7 1 0
47 42 9
73 22 20
18 9 0
12 1 1
84 71 40
77 8 1
47 7 4
33 29 14
59 36 22
86 11 6
22 0 0
76 9 1
96 40 22
68 13 11
15 5 3
55 53 30
37 33 33
21 20 2
98 13 2
71 56 13
26 3 2
30 15 7
93 20 0
21 17 17
62 37 24
24 21 7
92 53 19
31 21 7
57 8 5
3 1 1
72 22 10
62 41 29
97 12 4
43 4 4
14 0 0
42 36 24
55 55 16
48 16 12
5 1 0
37 4 1
76 38 22
49 47 11
79 33 5
64 32 5
73 16 14
24 20 2
72 48 48
52 0 0
38 10 6
79 48 0
40 4 0
4 4 2
99 94 55
66 65 65
77 44 22
97 39 23
46 12 2
19 4 2
45 45 22
32 20 3
32 6 3
67 50 15
51 44 39
28 12 11
93 85 7
63 45 35
26 20 4
41 3 1
3 1 1
70 10 1
76 53 31
50 37 17
40 29 1
24 7 0
18 6 6
97 29 17
34 10 1
4 0 0
5 3 0
32 8 6
59 13 8
28 22 7
96 90 43
7 2 2
32 21 15
93 13 1
92 58 1
22 12 2
53 36 20
81 32 29
38 2 0
2 1 1
95 44 41
68 60 6
100 52 19
32 6 1
29 18 9
68 29 7
90 73 22
97 6 4
10 9 6
9 6 0
42 41 10
50 8 4
56 15 11
81 11 9
70 37 37
55 50 43
93 84 48
39 8 1
25 22 2
61 46 9
26 21 6
68 49 49
41 16 14
80 77 0
78 34 26
73 24 23
40 19 17
83 6 3
35 34 18
80 39 18
23 0 0
60 53 22
61 18 0
22 14 11
78 15 2
61 5 4
34 10 1
44 5 3
30 23 12
58 24 1
88 58 31
57 13 10
72 68 44
39 26 19
35 7 2
85 57 5
39 33 3
46 37 2
40 29 23
96 5 3
22 10 5
1 1 1
43 0 0
45 26 17
86 4 4
44 22 6
91 83 71
71 40 2
13 7 0
9 2 0
84 21 9
14 6 6
62 35 33
35 10 10
58 28 28
57 47 25
44 11 4
55 51 12
31 4 4
55 8 8
86 6 1
57 19 14
82 62 39
32 6 2
44 4 3
52 34 32
97 81 42
13 1 0
50 24 3
46 12 7
96 27 17
75 13 8
29 27 0
58 41 38
52 13 6
50 27 12
99 33 11
38 38 13
92 77 8
70 57 12
84 26 16
17 3 0
36 7 3
48 4 1
93 48 25
79 23 3
11 6 4
84 31 9
52 38 23
50 32 0
80 38 29
79 46 24
4 1 1
35 1 1
9 3 1
15 15 1
10 3 3
86 38 3
12 9 0
84 54 20
51 20 7
62 40 23
85 40 31
54 13 10
26 9 1
51 31 26
32 31 23
67 14 13
93 19 2
53 42 35
20 14 2
25 15 11
89 76 0
94 24 8
92 16 11
23 17 3
17 6 1
84 14 4
7 3 0
41 20 16
33 29 11
17 16 1
20 13 2
45 31 16
78 23 6
80 10 9
17 8 7
47 1 1
58 5 2
11 3 2
43 39 2
54 11 2
57 24 6
83 66 24
43 40 2
10 0 0
85 54 2
53 48 47
32 4 1
11 1 0
97 94 26
11 9 9
77 65 50
35 28 10
78 62 35
97 91 90
66 15 14
5 2 1
97 30 30
48 20 8
51 18 10
89 5 0
30 14 1
42 36 11
25 21 4
55 14 8
13 5 4
67 44 28
63 8 7
59 52 22
68 18 10
29 12 11
51 3 1
87 29 13
71 69 11
50 41 9
28 24 8
46 37 2
56 56 51
91 71 5
59 46 33
62 21 1
62 56 46
88 64 64
21 9 2
44 19 10
1 1 0
10 8 7
26 16 5
99 76 34
24 9 4
3 0 0
76 4 2
21 0 0
82 17 3
85 66 13
35 5 1
97 28 8
33 29 2
63 58 15
91 69 54
86 31 4
26 6 2
63 23 10
35 1 1
13 13 8
97 91 5
14 2 1
10 10 7
44 43 24
2 2 2
99 49 36
91 54 36
97 87 57
52 28 13
75 3 3
63 47 18
16 2 0
43 14 14
22 15 6
2 2 1
8 1 1
46 26 0
88 20 5
57 51 38
87 22 5
10 8 2
16 5 4
49 44 23
45 15 14
15 13 0
49 28 5
84 74 62
98 37 36
100 82 39
30 20 10
100 92 51
9 3 2
67 47 36
87 15 0
62 61 5
96 33 17
35 10 4
75 59 8
11 10 9
94 74 26
52 12 10
98 22 19
96 4 2
88 75 62
48 39 32
29 15 14
39 2 2
74 11 7
23 14 12
92 88 13
21 12 11
65 3 0
45 36 0
7 2 0
97 7 1
81 40 38
8 6 0
60 4 1
88 86 11
42 42 27
48 6 2
61 33 24
37 15 8
42 2 1
14 12 3
67 39 6
96 80 80
86 11 7
65 22 21
41 27 2
9 8 4
72 52 17
26 11 4
18 11 2
85 75 40
77 43 15
75 56 8
17 14 2
28 21 9
83 46 41
25 25 9
26 9 2
99 71 54
91 20 11
57 42 18
97 76 41
41 38 4
46 7 7
25 24 7
65 36 27
6 5 4
47 14 8
49 4 4
100 33 8
40 3 0
83 43 29
99 91 47
32 19 18
19 13 4
76 33 32
96 57 21
90 17 0
79 29 20
38 19 7
90 31 29
67 1 0
96 1 1
51 27 4
1 1 1
21 9 0
98 11 4
3 1 0
19 15 5
40 33 11
7 2 2
76 37 19
49 37 9
60 44 27
60 47 21
73 11 2
15 8 5
91 58 1
48 47 43
33 12 12
3 2 2
91 77 49
85 37 33
82 10 7
66 42 1
3 1 0
22 22 3
68 52 1
80 36 36
40 15 14
36 33 22
7 6 4
71 6 1
74 24 17
19 4 3
6 6 1
57 43 13
67 3 3
44 36 0
6 0 0
40 22 4
4 1 1
26 10 8
53 26 25
97 42 13
17 10 1
87 62 24
24 14 1
19 8 8
71 49 27
60 45 28
41 40 17
56 15 3
37 3 1
69 5 0
13 0 0
28 24 23
82 47 22
43 29 12
94 80 33
23 2 1
17 17 9
31 18 12
90 9 0
63 7 6
73 26 24
25 19 12
75 40 2
90 90 32
12 8 1
100 80 19
45 34 2
99 4 2
90 64 23
22 22 5
40 18 16
12 2 1
76 62 45
55 48 7
19 16 4
38 37 10
24 7 2
68 16 14
75 35 16
85 44 24
15 0 0
28 0 0
57 21 7
29 7 6
44 16 4
42 19 9
46 22 8
72 64 30
3 2 1
80 62 14
64 61 17
33 22 2
59 48 1
69 57 45
55 32 12
77 3 0
86 36 22
80 52 7
7 4 0
58 8 6
5 4 2
36 17 8
14 11 8
68 5 1
99 87 13
78 44 2
42 29 12
67 44 36
68 61 2
76 23 1
70 6 5
18 15 2
46 21 18
14 6 2
52 28 6
1 0 0
56 40 21
60 16 5
86 80 76
40 35 7
49 22 22
81 81 35
67 8 4
67 53 20
49 4 2
70 26 9
6 1 1
44 11 5
61 43 42
21 0 0
29 19 5
40 40 3
89 77 24
43 38 27
19 14 7
69 25 7
68 13 9
59 3 2
60 15 3
39 36 17
22 1 1
27 11 6
75 12 5
59 18 15
96 20 8
38 21 14
37 24 2
48 37 0
83 18 3
26 7 5
70 5 1
63 23 5
85 55 45
7 3 3
94 17 13
44 27 12
80 2 2
57 18 5
70 28 19
78 4 4
55 33 9
29 9 2
90 8 0
75 50 16
78 39 19
69 22 4
17 2 1
89 22 7
48 42 37
100 68 40
85 17 10
26 24 13
99 76 41
80 7 7
77 11 3
88 35 25
51 44 18
6 4 1
50 14 14
15 7 6
80 11 2
62 17 3
76 49 34
57 6 6
65 56 33
92 38 29
81 11 8
17 17 1
55 22 17
16 9 9
79 52 1
49 25 1
58 15 4
92 79 27
29 25 23
97 8 7
13 0 0
45 44 33
35 6 5
80 4 1
29 2 0
18 8 6
23 13 8
96 19 1
63 29 16
4 4 4
7 5 0
74 72 34
57 55 49
11 7 7
49 41 3
51 48 36
30 8 1
10 10 0
51 36 19
69 19 0
3 2 0
38 2 1
85 11 2
54 24 1
58 46 19
25 13 5
5 3 0
58 30 26
24 18 8
83 41 41
35 32 0
40 35 30
42 38 21
80 63 51
33 3 1
78 44 28
35 0 0
27 17 0
1 0 0
19 6 1
36 23 2
60 6 4
66 35 4
60 15 11
8 4 2
53 45 20
53 43 2
83 33 29
7 1 1
24 10 10
54 31 5
53 6 1
8 0 0
53 41 35
44 26 13
38 27 27
9 2 2
11 4 1
55 2 2
10 3 1
12 2 2
45 21 12
98 4 0
15 10 5
28 13 8
69 49 14
16 4 4
7 5 1
63 11 6
88 43 15
49 34 27
33 12 6
99 77 74
65 61 54
41 38 32
36 3 3
52 7 2
91 84 67
91 42 41
53 26 2
4 1 0
99 51 16
40 25 24
36 31 25
43 42 26
51 41 5
50 11 1
48 42 12
7 5 0
78 44 11
26 6 2
58 32 19
71 38 21
13 9 3
50 33 19
10 1 0
13 0 0
27 13 3
5 4 4
65 55 7
92 16 16
89 32 3
85 58 29
82 11 2
45 28 24
66 52 43
80 24 6
91 60 48
88 47 31
15 8 8
22 18 18
18 1 0
49 41 28
53 23 9
71 17 13
45 23 18
72 68 7
5 2 1
40 25 4
87 14 6
24 10 7
75 13 2
51 9 3
70 55 24
99 28 6
36 22 7
38 12 10
23 19 0
15 7 0
20 8 4
53 24 19
5 1 0
65 11 11
21 18 6
1 0 0
3 3 1
44 6 0
56 9 9
76 34 8
96 36 24
78 26 25
99 89 17
74 5 5
1 1 1
86 36 21
99 80 10
84 21 4
64 61 7
44 26 1
14 3 1
14 2 0
15 0 0
42 18 0
99 6 0
55 19 4
7 6 5
94 88 85
55 37 25
62 52 29
31 5 0
33 15 12
19 17 9
46 6 3
26 21 6
84 38 31
20 8 5
89 86 82
33 16 1
9 4 0
42 37 24
81 2 0
49 28 21
50 31 16
5 5 1
17 16 12
69 6 1
63 40 31
83 36 22
39 16 9
32 12 6
74 10 4
31 10 2
13 4 0
17 12 5
43 28 7
39 5 5
69 9 9
25 23 7
13 6 6
48 45 10
59 40 6
78 23 22
80 19 2
6 5 4
84 39 7
51 7 4
74 63 11
45 41 9
93 93 65
81 4 4
99 8 1
79 6 0
21 3 0
76 74 65
98 81 51
5 0 0
69 34 25
53 14 14
90 48 21
67 50 23
71 40 38
75 74 19
61 1 0
89 18 5
31 3 2
78 1 1
20 15 5
25 18 6
21 17 2
69 31 28
19 1 1
25 11 7
22 15 2
36 5 2
24 17 10
71 63 44
30 21 8
23 11 1
46 40 24
44 43 18
97 58 10
2 0 0
41 39 34
32 1 0
52 11 4
48 46 5
76 51 26
57 55 26
94 4 1
72 38 36
14 14 2
90 4 1
25 3 2
79 20 18
93 24 13
49 21 6
29 27 7
47 3 2
85 28 19
63 63 59
49 37 5
13 6 0
80 67 9
22 1 0
74 23 18
13 13 7
59 1 0
39 0 0
77 24 22
20 2 0
63 15 4
50 28 11
38 8 1
64 57 26
14 12 1
36 15 7
29 0 0
22 20 10
69 36 12
69 58 5
88 10 0
48 13 5
82 20 3
70 63 50
38 16 14
28 27 17
95 15 5
63 8 2
32 16 10
85 72 10
89 31 8
92 46 40
8 1 0
14 5 0
85 42 31
93 81 62
2 0 0
24 15 5
43 0 0
41 4 2
37 4 1
46 13 6
64 26 18
86 51 36
71 16 3
87 56 26
65 32 0
87 33 14
72 12 10
94 89 33
69 62 13
35 33 15
39 33 0
67 18 8
36 5 1
34 16 3
42 28 14
52 52 33
28 10 3
49 36 1
54 34 7
79 8 1
21 2 2
81 43 18
78 72 38
96 30 20
26 2 2
22 17 17
7 1 1
75 57 13
20 6 3
77 1 1
95 93 20
87 61 49
89 5 3
23 14 11
28 3 1
64 46 8
69 44 2
67 20 8
2 2 2
92 18 3
69 48 5
77 38 26
82 42 16
71 26 7
78 24 15
47 17 2
30 24 17
2 2 0
16 14 3
25 18 18
10 10 2
41 29 29
97 43 31
60 7 6
25 0 0
65 22 17
53 33 29
95 15 11
17 6 6
35 34 21
81 38 38
44 19 4
16 8 4
31 7 4
69 5 3
5 5 5
3 3 1
82 38 12
10 6 3
39 4 1
12 10 10
47 11 5
71 34 11
18 12 3
58 10 0
69 48 48
1 0 0
82 53 28
14 2 1
12 1 1
5 2 0
50 16 9
91 44 20
24 21 14
8 5 2
19 19 18
73 7 2
18 18 1
56 39 26
52 9 0
39 13 4
3 2 2
86 41 36
3 0 0
38 6 5
6 5 1
64 13 4
14 2 0
37 20 4
95 83 63
26 0 0
92 86 44
41 26 1
93 91 0
67 56 36
19 9 5
70 14 5
24 17 2
10 1 0
45 40 31
88 70 3
97 84 29
20 12 0
52 24 24
64 53 28
21 3 3
88 52 33
38 33 26
92 81 13
59 22 15
36 34 7
15 1 1
50 5 5
77 77 56
3 3 3
61 45 22
60 14 13
63 55 3
35 10 2
64 2 0
46 35 5
8 0 0
43 31 19
95 11 2
51 21 17
35 29 6
59 12 1
98 30 2
25 4 1
99 24 3
18 5 4
19 8 0
46 16 5
73 23 18
99 67 43
41 39 17
69 62 29
72 28 23
33 29 8
1 1 0
82 34 33
10 9 2
5 4 0
12 11 2
62 60 18
5 5 3
54 38 34
68 21 20
8 3 1
56 3 1
81 58 57
74 54 14
96 56 7
41 23 6
3 2 0
85 25 12
20 15 8
19 3 2
79 10 3
76 17 3
9 6 1
95 55 39
57 41 28
87 39 23
61 48 19
79 38 12
79 9 3
87 63 53
22 2 0
67 36 17
72 64 38
22 17 3
25 15 6
87 85 77
71 30 3
89 42 16
98 75 2
3 1 1
20 3 2
60 23 7
25 8 0
49 45 15
4 1 1
38 32 19
39 10 4
15 10 2
100 53 25
15 1 0
76 45 2
19 12 9
66 26 26
26 17 15
45 27 15
84 47 27
25 21 17
83 25 19
34 33 4
7 6 5
93 10 10
65 6 2
85 33 15
82 80 47
75 70 11
38 31 21
13 10 7
70 57 25
97 15 14
95 39 28
15 11 6
31 27 26
100 86 27
49 33 7
78 75 28
91 1 0
77 67 64
25 1 0
3 3 2
9 4 0
9 0 0
80 39 4
38 0 0
2 2 0
43 15 5
11 9 0
37 27 23
97 70 23
26 11 10
4 4 3
41 10 10
30 4 3
35 5 0
91 66 36
85 46 35
86 83 82
88 79 47
51 28 10
46 0 0
72 64 11
20 18 18
60 33 13
70 27 22
2 1 0
4 1 1
56 4 4
98 63 15
6 6 5
7 6 0
53 19 8
54 8 4
72 2 1
82 28 9
76 57 27
5 3 0
10 6 4
54 48 2
25 11 7
69 11 1
65 35 6
14 14 10
59 50 2
30 16 1
61 35 7
94 70 4
66 47 41
62 33 11
16 4 2
83 13 9
56 15 1
10 8 6
12 8 6
21 0 0
62 31 25
82 32 12
38 31 20
35 34 27
22 4 0
56 26 21
40 40 23
29 11 9
29 22 2
59 54 29
5 5 4
42 3 1
74 11 10
62 59 8
59 46 2
42 39 28
78 7 6
84 25 23
25 16 7
7 7 5
11 7 5
49 7 5
66 50 41
29 4 3
49 2 2
95 87 31
43 8 1
58 21 2
91 39 21
59 17 14
80 24 10
69 47 16
7 1 1
82 9 1
30 1 1
76 34 4
76 19 13
68 3 1
32 5 2
93 51 42
65 59 33
53 9 1
97 33 22
72 52 43
43 24 3
69 48 45
90 0 0
35 14 13
88 28 0
73 66 2
99 74 64
72 36 5
93 67 38
31 30 7
14 3 1
43 33 5
63 46 43
65 48 39
58 10 7
32 5 2
50 30 7
39 29 3
72 11 6
2 2 0
63 50 40
36 8 6
50 6 1
78 40 12
41 39 13
69 62 47
7 0 0
71 50 34
66 16 4
84 6 1
53 38 28
14 8 0
89 47 27
17 14 5
34 26 20
79 54 48
24 7 6
67 11 1
32 2 0
62 30 17
37 14 6
26 22 13
19 13 8
82 78 66
27 7 7
63 26 13
22 14 5
4 3 1
1 1 0
84 10 2
5 1 0
26 21 9
36 1 1
86 76 70
99 25 16
71 31 28
69 18 14
99 64 14
37 8 1
95 55 5
9 5 0
83 69 63
30 23 18
91 49 48
86 80 4
97 42 2
53 24 21
31 28 26
45 2 0
82 39 13
52 50 44
90 15 6
75 54 9
25 12 2
74 1 1
47 18 3
60 45 19
34 9 4
71 61 28
25 21 9
31 14 1
92 18 6
86 42 23
100 59 0
19 11 2
95 58 35
96 66 5
96 79 60
92 38 26
20 14 9
27 15 10
69 22 13
31 3 0
91 38 5
91 29 6
22 9 8
26 19 9
57 23 20
49 0 0
47 44 37
31 14 1
6 6 2
8 8 5
64 38 22
98 34 24
84 9 4
72 46 1
74 13 2
70 35 11
83 70 17
85 29 9
11 10 8
52 51 20
92 19 7
82 15 8
42 30 6
68 15 9
57 43 29
4 2 1
3 0 0
74 11 5
43 7 7
31 14 7
68 47 8
95 67 2
55 48 29
69 21 11
14 3 1
96 87 59
66 8 7
22 8 0
44 35 24
87 11 3
60 7 4
24 9 3
82 34 22
17 16 1
1 1 1
58 11 6
9 5 1
85 85 5
22 11 9
35 2 0
22 0 0
26 22 4
82 27 12
29 11 10
40 25 6
67 24 8
17 14 11
92 76 13
65 34 17
79 32 32
15 1 1
90 79 34
52 4 0
5 0 0
19 12 12
57 34 28
18 6 6
14 5 0
19 7 2
76 46 30
71 3 0
64 62 29
30 26 22
3 0 0
46 29 28
13 9 8
11 0 0
2 0 0
18 15 15
37 28 0
40 13 1
96 90 61
36 18 8
39 23 8
35 5 0
63 9 9
42 26 7
39 5 4
99 34 31
38 5 3
34 9 2
6 3 0
90 40 1
42 42 33
62 7 6
24 6 3
34 9 4
59 15 3
14 5 0
15 3 0
43 16 13
67 37 21
51 14 4
76 42 14
45 36 30
3 0 0
14 4 3
89 77 19
80 1 1
54 54 24
3 1 0
61 45 16
76 74 24
87 24 2
80 33 0
43 43 30
89 47 3
59 57 5
93 54 7
44 7 2
50 16 5
44 4 3
84 16 16
59 49 32
13 2 2
55 42 29
62 10 8
17 11 2
32 8 5
72 3 1
98 49 29
58 53 3
16 4 1
24 9 5
8 8 3
13 8 1
89 25 20
7 6 1
49 15 0
100 10 8
65 22 20
94 58 12
99 10 2
55 53 2
52 36 29
70 30 10
2 2 2
36 9 4
32 14 1
84 48 44
85 25 6
82 19 9
24 9 9
42 41 1
94 69 59
96 40 39
51 15 7
71 19 6
25 12 12
96 81 32
56 21 20
54 4 3
43 22 22
95 92 58
32 9 0
13 3 2
51 11 6
34 12 2
72 23 19
14 5 0
6 5 2
18 11 9
43 16 9
28 24 2
78 20 1
98 78 39
9 8 3
11 5 4
88 82 1
75 2 2
3 3 3
61 29 17
26 11 1
78 21 3
57 16 12
6 0 0
72 57 5
5 1 1
27 10 7
14 11 10
10 6 2
25 15 2
62 44 25
15 10 0
30 9 0
90 50 1
8 0 0
33 30 14
52 41 41
88 31 14
54 14 13
60 46 24
70 60 18
80 26 15
69 45 2
61 58 54
7 3 1
67 60 25
2 2 0
47 39 24
29 14 5
2 2 2
27 25 7
80 29 23
92 11 10
70 37 30
16 4 0
57 31 6
47 18 8
11 9 2
67 21 9
72 2 2
2 1 1
72 72 34
47 43 42
5 0 0
91 67 39
13 4 3
55 18 14
17 0 0
89 62 53
78 64 33
43 22 21
4 4 4
42 42 0
77 1 0
20 20 1
75 42 6
64 63 51
87 49 27
91 89 21
56 53 10
85 73 35
6 5 0
100 19 10
62 57 17
8 6 2
5 0 0
11 3 3
74 74 55
54 39 29
15 6 5
82 34 20
7 0 0
13 7 4
43 0 0
57 39 39
92 7 7
18 0 0
37 37 23
17 12 7
99 19 5
11 0 0
49 10 8
15 6 3
3 1 1
93 37 37
4 4 2
60 18 16
78 41 30
98 14 2
56 2 0
61 11 0
53 31 22
32 24 7
3 3 1
27 7 6
10 7 3
57 44 18
30 20 6
54 34 18
83 28 22
31 12 11
31 16 10
89 86 22
22 21 15
71 16 16
94 90 62
81 61 36
6 5 5
1 0 0
92 84 61
23 1 0
58 43 25
45 22 3
1 1 1
24 17 14
15 12 12
21 8 4
5 1 1
49 0 0
45 25 14
53 37 15
33 15 12
38 3 0
51 37 9
23 4 0
83 51 29
88 76 60
47 24 2
89 24 4
70 3 2
22 2 2
27 20 11
16 9 8
28 12 3
86 70 57
63 20 5
48 46 0
30 19 16
58 10 6
39 36 22
62 5 0
48 2 2
59 23 2
39 22 12
36 36 20
77 69 52
78 61 2
58 32 12
74 64 53
26 10 9
58 17 16
22 10 2
2 0 0
85 80 71
20 16 5
33 27 3
55 54 48
77 67 26
46 26 2
49 35 12
60 54 39
100 100 72
49 19 5
24 3 3
50 11 0
68 37 11
87 19 16
7 7 3
57 22 17
47 12 11
67 7 0
26 8 2
75 47 0
20 0 0
51 36 7
3 3 2
5 5 1
81 81 74
92 57 27
12 5 5
18 5 3
18 2 0
37 18 5
74 51 13
15 10 6
81 57 52
55 1 1
92 17 4
20 1 0
85 40 6
35 1 0
32 4 1
76 9 3
67 51 49
80 75 75
66 33 20
90 21 19
40 28 1
24 11 11
96 49 27
6 4 0
21 2 0
17 9 8
70 55 8
99 12 8
59 57 42
47 47 32
25 4 4
19 1 1
74 54 53
1 0 0
73 52 34
3 3 0
84 62 1
84 63 18
22 2 1
30 21 0
62 40 8
61 14 12
98 52 13
7 4 0
72 33 14
26 8 2
94 13 3
96 91 62
58 44 43
49 13 9
60 44 31
28 17 16
30 4 1
61 23 8
27 27 24
51 32 6
46 10 9
85 68 41
68 51 4
3 2 2
38 14 4
97 82 26
97 62 26
13 2 0
49 42 38
26 12 3
97 93 93
99 24 23
13 3 3
62 28 5
77 43 38
69 29 0
96 76 61
61 6 6
66 10 7
85 61 4
45 14 14
90 20 14
15 8 0
26 18 3
27 2 1
73 58 53
44 19 7
68 35 27
11 7 0
47 3 1
77 25 5
46 6 0
92 75 24
80 36 34
14 12 12
35 31 9
35 26 11
15 14 10
34 29 24
94 52 43
20 18 9
11 0 0
63 31 10
43 30 4
8 5 4
40 12 4
5 5 0
52 14 1
37 24 17
33 18 13
21 13 7
100 26 15
7 1 0
62 62 58
37 25 21
63 50 25
8 2 1
72 59 59
70 57 4
13 3 2
2 1 1
57 44 44
81 28 11
11 5 3
28 28 25
49 23 0
9 3 3
41 18 12
13 6 4
5 0 0
15 9 5
62 59 59
8 1 0
16 11 5
80 30 21
6 2 0
87 36 18
26 0 0
27 12 0
26 23 12
9 8 4
46 13 10
86 3 0
90 3 0
15 5 1
54 8 6
69 49 31
66 44 8
18 0 0
46 40 4
62 9 1
19 3 3
22 2 2
6 1 0
78 61 42
17 9 5
25 17 0
8 7 4
8 3 0
37 25 25
50 23 15
61 21 6
36 11 2
82 49 19
15 4 1
17 9 7
94 19 8
80 32 5
52 44 36
88 10 6
61 31 31
84 18 7
2 1 1
100 57 7
19 16 1
26 25 18
25 1 1
86 60 58
21 5 2
52 17 0
24 9 9
100 44 32
97 74 43
40 22 12
31 22 10
51 11 5
15 11 2
97 70 54
7 0 0
53 49 43
71 35 8
10 10 8
82 48 22
28 6 0
24 24 10
36 1 1
85 80 20
12 11 7
47 38 31
41 18 3
86 56 15
90 40 3
89 11 6
35 26 19
29 21 15
89 68 31
96 43 42
75 12 3
58 24 8
69 14 1
12 8 2
10 0 0
66 55 36
24 9 2
28 6 2
55 21 2
61 60 16
59 34 27
45 37 37
78 15 9
62 18 11
14 8 7
95 62 12
40 25 24
22 10 8
18 13 6
14 2 2
95 1 1
24 12 4
47 11 4
4 2 2
34 0 0
73 52 18
13 3 1
38 2 0
75 17 6
69 66 14
11 0 0
80 51 1
81 81 52
85 15 13
1 0 0
94 79 14
26 18 6
23 23 22
14 4 0
4 2 1
1 0 0
68 3 2
97 27 7
18 15 0
43 0 0
85 18 7
40 19 19
97 41 38
79 46 39
55 33 3
89 42 16
75 69 15
41 10 8
81 31 0
49 29 23
80 77 3
92 46 0
3 1 1
50 28 13
6 5 5
39 5 5
65 28 23
10 9 1
6 2 0
91 61 55
64 39 26
71 71 59
85 78 17
84 31 19
30 22 16
78 38 6
79 10 6
2 0 0
95 57 25
75 19 8
36 4 4
15 0 0
98 97 50
86 17 11
5 5 1
62 35 7
45 16 0
79 34 0
58 9 2
14 5 5
94 47 35
79 76 74
15 9 5
1 0 0
90 67 44
87 48 34
30 16 3
36 21 8
62 45 27
64 12 11
34 1 0
37 11 7
45 35 24
40 12 12
59 16 12
83 10 3
37 19 11
56 1 0
40 9 0
85 79 8
17 4 1
72 12 7
67 65 15
95 48 31
98 85 72
28 4 1
47 22 0
50 20 13
68 44 38
58 23 10
38 19 10
49 0 0
73 18 4
24 13 1
50 37 18
44 25 17
92 0 0
24 10 2
22 9 1
53 7 6
27 3 3
29 9 2
97 20 4
73 7 3
2 0 0
38 18 11
16 13 2
23 3 1
68 61 25
89 14 9
23 18 8
34 21 19
98 20 18
29 1 0
72 70 15
78 33 22
26 24 13
58 13 1
79 19 13
52 1 0
87 33 16
72 45 7
57 34 7
66 19 6
23 7 7
80 21 1
82 59 23
72 63 39
21 12 3
55 34 26
25 0 0
9 7 4
85 4 3
47 21 20
25 21 0
68 10 8
14 13 7
77 62 43
84 14 3
98 13 10
11 10 6
45 37 33
81 3 3
22 2 1
42 3 0
66 65 17
23 14 11
87 2 1
70 69 52
48 0 0
28 4 4
92 22 9
16 5 3
55 18 4
76 9 3
5 5 2
72 61 5
8 2 0
36 10 3
81 44 14
96 45 34
5 5 0
70 51 3
73 47 5
62 53 51
17 0 0
50 11 9
29 25 19
30 13 10
37 37 32
99 68 39
77 32 13
15 1 0
95 46 14
88 35 14
89 66 45
11 9 6
77 15 12
76 1 1
26 12 11
26 19 2
57 31 22
9 7 0
49 33 26
33 5 3
35 25 23
15 12 10
42 18 6
26 3 2
55 52 45
57 5 4
31 9 1
77 29 18
69 32 6
79 34 5
21 14 13
58 32 26
45 5 2
60 29 17
34 3 1
7 6 4
25 22 11
16 8 1
47 1 0
11 4 1
48 40 15
98 89 82
21 3 0
43 29 16
93 50 28
94 76 25
73 25 24
86 38 30
96 74 49
96 25 10
22 21 10
60 13 10
72 45 43
4 4 4
81 12 4
60 47 36
45 12 12
19 11 6
10 3 1
35 9 2
27 18 1
8 8 5
82 64 27
45 24 23
10 1 1
61 39 15
53 45 11
62 32 15
9 7 2
86 30 25
9 2 1
75 71 58
83 16 10
53 26 12
78 2 1
52 7 5
19 9 3
52 18 6
36 30 6
70 36 18
49 6 6
42 36 2
12 7 3
82 80 35
5 3 1
63 14 9
17 2 0
10 6 5
65 26 19
87 7 6
15 7 7
27 24 23
30 2 2
5 2 1
97 94 20
66 38 31
72 33 4
16 13 13
15 8 3
25 12 11
84 55 53
99 3 1
49 35 28
12 7 0
97 53 51
77 56 49
55 6 1
49 45 31
10 10 10
25 4 2
15 15 2
28 10 10
5 5 1
61 23 12
78 4 1
59 6 5
71 64 25
78 22 12
93 30 17
32 13 0
29 21 4
4 1 1
82 55 3
49 8 3
5 3 1
3 1 1
56 29 6
38 1 1
14 1 1
54 2 0
79 7 0
27 6 3
44 33 8
79 11 8
99 36 17
97 58 19
52 45 7
20 16 16
97 92 36
97 54 3
43 12 8
55 22 5
56 49 42
7 0 0
67 2 2
15 6 2
7 6 5
15 5 0
18 15 15
58 22 16
16 10 6
22 0 0
31 10 9
23 20 13
46 33 21
10 9 1
12 5 5
11 1 1
98 58 7
33 8 2
74 57 21
51 13 6
38 38 23
30 18 3
59 2 0
70 50 15
63 14 9
91 21 6
72 24 7
55 54 54
36 6 6
9 1 0
82 82 25
9 9 6
96 89 18
63 62 17
74 6 4
33 5 3
10 3 3
17 2 1
17 9 0
76 35 13
64 3 3
15 4 1
51 48 26
69 58 58
31 23 12
96 57 1
77 19 9
21 5 1
10 6 1
23 16 4
4 4 0
48 25 0
79 75 8
59 16 4
58 0 0
38 13 0
41 36 3
90 56 7
39 15 14
75 17 16
59 53 2
71 56 19
19 10 0
4 3 3
86 82 24
92 56 27
54 41 27
33 11 3
94 36 23
8 2 0
46 16 5
76 40 37
64 11 11
7 4 4
78 35 21
59 5 1
94 20 14
63 11 6
34 33 22
73 59 45
49 40 5
70 62 23
79 43 29
10 7 1
21 8 4
19 8 0
40 2 2
29 24 15
75 6 5
18 13 8
83 82 47
80 24 12
28 18 15
97 76 15
42 10 1
49 42 18
60 13 3
34 11 5
51 42 9
56 4 1
56 48 3
49 16 0
61 26 14
57 44 22
45 12 12
4 2 0
91 41 40
52 0 0
97 3 1
17 1 0
30 20 1
38 7 2
8 8 4
24 11 2
93 5 4
37 36 5
26 19 16
98 49 17
33 16 15
7 6 2
35 27 18
1 0 0
35 20 7
65 17 8
39 27 22
48 44 32
90 76 29
78 57 10
45 6 0
94 51 38
31 27 10
61 37 26
32 27 18
7 1 1
44 38 21
86 4 4
88 36 36
93 59 20
48 41 18
56 7 3
31 29 22
1 0 0
7 1 0
6 0 0
71 30 1
44 4 2
13 5 5
55 11 6
15 6 0
26 4 3
97 40 18
11 4 2
68 8 2
6 5 5
37 4 1
55 17 17
4 0 0
73 24 1
44 14 1
8 2 2
64 9 8
41 8 8
48 43 23
20 2 0
11 6 1
69 40 8
75 16 14
71 28 0
99 3 3
6 0 0
50 10 9
11 2 2
39 5 4
94 84 33
33 2 1
25 9 7
63 57 29
15 11 7
32 28 22
79 79 70
35 12 8
94 10 1
72 50 35
30 10 0
79 70 47
5 1 0
64 49 19
7 4 3
11 11 11
18 9 6
40 4 3
36 16 15
2 2 2
81 31 16
96 77 37
9 4 3
38 29 17
7 6 2
92 59 10
91 5 0
57 24 16
48 26 22
69 14 13
11 0 0
23 3 1
34 33 27
72 38 3
52 42 36
35 22 5
6 6 0
46 0 0
37 0 0
78 70 55
86 39 7
96 64 60
86 82 60
11 2 0
36 17 17
19 15 15
22 18 16
14 4 4
34 1 0
69 43 15
20 13 7
67 60 1
57 33 33
3 3 3
89 1 0
26 4 0
5 1 0
18 6 2
72 66 5
66 2 0
65 58 42
35 4 1
45 37 32
82 62 62
69 43 38
9 0 0
85 64 33
5 3 3
14 4 4
2 2 0
92 42 24
75 16 2
46 12 8
42 10 6
74 38 0
28 23 9
24 5 0
87 43 7
83 25 4
92 40 12
40 11 4
94 87 29
73 65 34
32 32 27
75 0 0
44 41 17
62 30 11
36 36 8
31 27 23
75 23 21
29 2 2
10 8 0
7 0 0
61 11 3
9 7 7
73 7 6
56 12 11
46 8 8
48 3 2
23 10 8
24 14 2
95 35 28
57 31 4
9 1 1
44 37 3
83 22 11
6 4 3
87 6 4
14 1 0
21 10 3
50 28 18
94 0 0
46 11 6
30 10 5
26 24 1
59 33 19
25 10 0
85 18 3
74 43 37
74 65 25
61 47 41
10 2 1
86 18 8
92 6 3
44 19 11
45 39 24
25 5 2
85 13 1
28 3 1
97 73 39
67 1 0
64 23 15
32 22 15
26 18 11
7 6 2
18 7 6
43 35 5
37 13 0
36 25 16
53 39 33
64 41 9
67 37 17
6 6 6
28 10 0
66 13 3
41 14 8
67 46 41
68 35 25
28 19 8
24 19 3
30 0 0
1 0 0
54 4 3
72 35 11
1 1 0
80 78 62
59 38 10
12 8 0
73 11 10
73 68 7
57 35 16
42 16 6
44 32 2
42 13 0
13 0 0
15 5 2
65 21 8
58 31 2
82 4 1
69 68 23
26 16 8
66 66 6
55 20 9
49 25 13
77 17 7
56 28 20
75 55 14
3 1 1
9 0 0
72 71 21
16 4 2
73 49 46
91 35 2
77 4 2
100 56 7
66 2 2
1 0 0
63 20 6
69 31 6
90 25 20
51 23 8
60 40 4
58 7 5
88 61 3
47 9 4
95 70 45
98 92 12
20 10 2
24 8 1
90 50 11
86 47 17
91 79 73
21 18 18
78 52 43
16 7 6
10 2 2
68 24 18
64 44 3
4 4 1
98 97 37
16 10 7
25 19 6
50 41 20
29 2 1
42 37 6
89 18 11
34 20 1
29 10 8
38 30 19
79 43 27
47 42 11
38 3 3
65 8 3
35 20 2
85 36 9
15 10 7
17 3 2
38 1 0
51 24 22
31 11 9
14 3 3
90 34 7
1 0 0
67 53 44
17 11 0
15 15 6
22 19 1
56 41 39
32 16 14
55 49 38
72 68 60
48 44 29
10 9 0
8 7 7
22 6 1
47 4 1
17 13 5
19 12 0
32 12 10
93 78 18
82 15 4
95 32 27
19 1 1
22 12 12
37 16 7
50 15 15
26 4 0
33 4 0
10 6 6
58 12 8
55 23 20
19 9 9
39 0 0
14 13 7
62 38 8
1 0 0
96 84 73
68 24 20
25 5 5
98 18 3
41 34 23
30 21 10
59 13 8
41 40 22
32 21 10
9 1 1
66 3 0
20 11 8
40 1 1
61 30 10
25 6 6
63 45 1
75 71 32
27 24 6
92 64 2
59 4 1
80 8 3
28 2 2
89 87 0
22 15 0
86 49 34
34 16 5
89 83 29
89 39 21
47 27 9
76 48 13
29 0 0
1 1 1
62 31 30
34 34 3
18 16 13
55 35 5
25 15 2
34 14 5
76 24 11
33 8 2
14 1 1
84 43 13
15 14 3
46 4 2
36 29 3
59 3 2
32 11 5
78 46 28
23 8 1
12 8 2
53 9 7
75 20 4
56 34 29
84 50 47
34 15 0
89 45 27
36 1 1
61 35 24
58 58 11
71 7 4
77 61 55
56 21 5
56 12 2
43 0 0
49 17 14
93 59 21
81 4 0
40 2 1
48 36 12
36 9 6
84 23 6
5 0 0
38 22 16
95 6 6
23 2 0
59 51 10
61 23 7
63 14 12
42 40 8
74 41 32
20 12 5
34 10 7
90 51 24
94 78 73
82 67 32
87 19 11
49 29 26
56 47 28
20 15 9
98 31 9
13 5 2
92 85 69
44 11 0
72 26 9
22 1 1
91 46 9
74 20 4
1 0 0
61 7 7
3 3 3
12 8 4
73 40 0
40 18 14
52 34 4
3 3 0
14 1 0
97 18 17
12 4 1
20 13 6
15 1 1
22 9 4
60 4 0
64 53 29
77 3 0
94 13 1
94 89 18
17 13 3
10 8 4
33 15 4
53 37 15
69 58 19
95 24 21
20 20 1
91 35 18
80 53 17
59 10 3
68 3 2
83 55 36
4 4 0
41 35 1
50 15 2
40 3 2
39 37 27
33 30 9
31 3 1
83 41 17
53 12 12
43 26 7
12 11 11
34 23 10
71 63 14
97 9 6
71 53 29
60 45 45
41 40 12
58 6 5
53 0 0
46 0 0
98 73 29
89 37 31
23 11 4
21 12 2
77 52 1
63 58 53
20 10 10
29 27 16
99 31 26
49 28 8
10 1 1
89 55 48
26 17 8
23 16 13
18 14 2
51 38 9
53 10 8
59 54 38
51 12 3
33 2 1
97 18 4
56 56 14
97 68 59
85 68 46
69 69 42
23 5 3
8 6 3
14 13 5
48 14 6
64 21 7
61 12 3
34 31 10
25 13 0
55 37 18
97 31 27
79 36 2
16 12 12
27 20 4
44 25 19
65 29 21
39 11 7
26 23 13
16 7 2
82 76 5
2 1 1
94 41 17
3 0 0
89 5 3
7 2 1
63 11 3
84 10 1
72 68 29
81 64 11
59 59 18
91 69 10
45 42 31
46 33 22
51 16 1
24 24 0
12 11 6
84 41 13
98 82 32
89 39 28
81 20 2
79 60 11
31 8 6
13 4 4
95 16 0
100 58 52
27 6 2
90 58 19
29 21 21
71 55 38
31 15 4
43 1 1
7 0 0
22 4 0
36 29 27
43 5 0
97 25 1
64 28 15
28 0 0
11 11 5
45 38 27
38 37 8
35 22 7
28 17 14
64 56 11
91 73 25
38 35 12
15 13 13
5 2 2
7 2 1
60 58 52
44 43 19
90 0 0
28 12 6
22 4 4
66 0 0
63 40 11
88 1 1
81 70 47
27 24 1
92 87 67
12 0 0
75 0 0
93 86 31
87 21 21
91 39 38
1 1 0
13 4 2
91 40 7
13 8 2
41 30 25
69 57 52
84 43 14
74 18 4
13 2 2
68 34 8
79 17 14
33 11 5
46 44 13
25 1 0
72 34 4
3 0 0
61 43 6
84 14 4
54 13 4
42 25 17
65 30 15
86 9 7
43 27 23
16 6 4
84 36 5
38 25 24
41 4 2
68 36 7
62 16 4
63 8 4
12 5 1
58 55 43
65 17 5
28 16 11
55 26 24
41 26 26
52 25 5
74 59 42
32 15 12
87 83 64
58 4 3
75 59 42
19 11 10
38 13 11
56 41 9
46 39 31
61 34 4
14 1 1
88 44 23
88 21 21
57 11 1
10 9 8
84 5 0
70 18 7
39 30 29
19 7 5
2 0 0
78 21 7
14 14 6
22 16 5
18 13 3
11 11 8
60 7 6
80 53 0
51 51 10
27 25 5
48 18 0
18 5 0
62 60 0
10 0 0
50 3 0
91 22 13
60 33 25
74 35 31
22 12 10
13 6 6
90 23 22
19 5 0
59 38 21
3 3 1
33 23 17
9 1 1
41 6 2
64 38 11
48 15 10
82 72 48
38 32 17
16 14 4
46 6 0
93 63 20
30 29 21
75 1 0
42 11 3
38 9 8
46 10 5
68 42 29
78 1 1
28 13 3
82 27 18
7 3 3
7 0 0
40 38 34
92 32 11
27 14 12
18 7 6
33 33 24
42 22 20
81 73 13
20 7 4
23 3 3
38 19 19
99 32 28
17 9 5
33 28 26
10 1 0
52 7 7
36 10 4
3 0 0
20 13 4
28 3 3
23 23 8
35 29 14
37 5 0
24 7 6
33 31 29
14 5 0
33 16 0
69 2 1
5 2 2
17 5 5
17 6 1
9 8 2
34 4 4
86 9 1
40 14 5
65 53 11
93 38 17
18 1 1
72 13 9
73 61 31
45 45 37
76 7 5
64 2 2
78 53 3
50 40 18
92 22 7
5 3 1
76 67 60
60 19 18
75 26 14
2 1 0
63 25 4
92 68 13
26 16 6
39 23 2
17 12 9
21 15 12
86 74 56
30 28 15
61 56 2
94 90 23
99 48 12
83 35 17
31 12 5
29 7 6
16 8 5
59 27 16
99 33 2
57 52 18
5 0 0
15 0 0
83 34 9
32 15 13
78 13 3
97 17 10
40 0 0
49 38 22
29 6 2
55 6 3
39 39 1
55 25 19
57 30 29
6 0 0
99 8 7
61 27 5
81 66 17
77 0 0
21 4 4
49 28 26
44 27 26
66 17 0
59 7 0
23 17 11
90 90 53
92 66 23
5 0 0
100 54 45
31 28 11
52 33 9
68 0 0
34 30 25
66 19 19
50 28 12
66 27 24
42 16 13
75 75 3
4 2 2
29 27 8
78 25 23
9 6 6
6 1 1
78 60 33
29 26 2
66 54 16
90 35 16
61 56 36
13 7 2
21 5 2
5 4 2
15 9 5
97 10 1
16 10 2
80 80 26
13 2 2
54 7 6
98 26 18
50 21 16
8 5 1
56 39 18
45 24 9
90 75 1
29 28 14
74 37 7
28 21 20
56 42 16
50 14 6
32 25 3
58 29 9
8 1 0
58 51 34
17 6 1
42 17 17
62 25 20
5 3 1
37 10 7
99 41 19
50 50 2
56 23 19
87 41 4
45 0 0
100 2 2
95 27 14
50 39 36
92 79 41
85 37 8
36 12 7
89 71 24
97 50 27
69 34 24
11 11 7
16 16 7
29 14 1
27 17 5
83 56 51
77 12 2
63 39 7
90 46 16
43 28 15
26 4 3
50 24 19
73 17 16
59 29 10
100 50 15
9 8 0
44 29 7
40 15 13
47 22 4
68 55 48
56 41 26
99 26 18
45 31 7
41 31 1
81 36 13
18 10 8
43 23 2
41 8 8
98 82 25
50 8 0
51 3 1
63 26 3
50 13 3
77 47 12
74 64 64
67 29 2
39 31 0
17 7 6
63 52 6
16 6 5
68 38 27
50 14 4
6 1 1
65 44 29
81 45 20
57 4 0
1 0 0
9 0 0
68 28 26
75 43 4
99 79 72
46 32 24
15 5 4
2 0 0
97 5 4
83 41 34
78 62 47
76 36 19
66 12 3
97 79 20
17 9 9
82 63 27
1 0 0
27 10 3
86 5 0
2 2 0
94 68 48
48 13 4
36 0 0
64 27 27
56 23 20
75 15 7
74 51 7
6 2 1
39 15 3
5 4 1
8 2 1
1 0 0
95 35 19
55 14 13
6 2 1
98 90 58
77 26 24
9 1 0
94 57 11
34 6 4
57 52 12
94 51 28
71 16 6
2 1 0
87 11 4
42 1 0
49 9 4
8 4 3
96 19 12
52 11 6
23 16 8
56 35 30
96 16 12
32 12 5
26 4 3
86 30 18
86 63 23
53 25 11
43 35 24
95 46 17
65 22 14
10 6 4
32 5 1
75 70 69
97 67 44
50 22 7
36 2 2
79 53 28
44 32 25
72 10 5
96 36 36
77 65 21
55 2 2
100 67 54
66 4 4
43 30 14
67 61 47
92 47 20
73 63 36
60 51 21
2 2 1
24 15 10
81 4 1
70 38 31
20 17 13
62 47 45
27 1 0
54 3 1
47 9 6
99 96 72
52 28 0
24 20 8
74 28 0
87 14 11
37 31 31
20 11 6
41 15 12
31 14 5
73 44 27
9 0 0
12 11 0
29 27 20
36 6 6
39 29 3
86 26 25
93 45 29
56 49 2
88 29 29
33 10 3
67 12 0
45 26 14
73 4 0
74 33 13
27 18 12
3 3 2
20 19 19
43 19 8
48 32 3
87 42 30
10 0 0
64 23 1
52 30 10
97 56 33
25 16 14
73 30 30
27 9 5
58 40 13
7 3 0
3 1 0
72 41 30
21 10 2
62 60 19
23 2 0
97 24 19
69 6 5
24 18 11
60 15 6
30 1 1
23 7 6
73 60 28
96 68 21
39 7 0
23 17 0
77 29 0
71 29 27
64 1 0
71 68 22
89 51 27
63 7 2
81 76 74
2 1 0
93 25 23
54 9 0
80 71 12
53 49 3
40 14 4
72 66 50
6 4 0
1 1 1
11 10 7
55 51 10
57 30 4
26 14 5
37 20 1
37 24 3
90 34 9
77 2 2
55 28 7
7 4 3
7 7 6
26 26 19
13 10 6
56 51 22
27 7 3
4 2 2
7 5 5
3 1 1
62 49 47
25 20 16
53 32 22
79 25 20
56 19 4
30 28 12
100 32 0
51 50 4
83 21 6
34 22 12
31 5 4
29 27 14
31 13 12
96 8 8
34 11 9
99 15 6
71 47 29
34 12 2
29 9 5
93 36 33
6 5 1
75 59 22
5 5 5
56 36 23
4 0 0
61 9 8
32 30 29
97 35 13
9 1 0
74 61 45
99 41 28
96 45 9
39 24 13
34 21 8
9 4 4
22 14 5
50 46 46
46 15 9
11 2 1
75 4 0
24 8 8
40 23 10
3 3 2
43 41 9
55 37 23
77 66 44
54 32 7
8 7 1
74 64 58
35 25 1
80 68 26
18 4 2
76 58 33
58 27 11
71 23 8
70 46 4
16 7 6
39 16 5
40 4 0
23 11 6
19 14 12
72 25 24
79 59 9
82 14 4
61 47 21
30 15 5
56 39 9
42 1 1
33 24 13
90 50 8
88 17 3
50 12 10
69 17 0
50 4 3
84 5 1
29 21 2
10 10 9
80 28 2
97 46 8
36 20 12
29 2 1
9 2 2
92 21 17
54 11 3
4 1 1
62 62 8
100 48 4
81 79 52
96 88 21
84 18 18
70 67 49
22 10 2
62 48 41
21 15 6
80 5 2
99 61 14
60 35 32
22 12 6
75 8 4
54 53 43
48 14 13
45 26 12
46 33 23
19 19 6
13 0 0
63 40 16
98 96 40
30 23 14
36 18 10
67 44 25
6 6 5
35 12 9
64 57 38
86 64 47
52 33 19
71 71 29
52 48 8
97 6 0
35 13 2
61 51 39
63 28 5
58 5 5
19 18 13
59 23 18
98 68 30
15 13 0
61 52 25
46 32 20
41 20 3
76 6 5
99 85 31
62 26 11
61 59 54
43 35 29
77 15 3
76 65 26
50 16 5
53 11 0
14 0 0
16 2 1
81 40 5
63 35 8
99 84 77
53 52 27
62 47 14
25 9 1
66 65 61
86 73 50
35 28 14
45 38 1
78 17 0
48 24 15
61 48 33
38 17 14
91 81 4
65 64 8
27 11 9
88 14 2
42 32 4
33 33 1
89 22 4
4 0 0
94 2 1
20 6 1
76 5 4
38 32 32
81 74 44
6 0 0
19 2 2
84 62 33
65 23 14
94 10 0
38 35 26
95 42 22
68 5 3
66 15 0
19 10 7
90 55 0
14 3 2
77 61 15
26 14 6
36 30 0
10 3 3
4 2 2
12 12 9
71 22 5
99 16 9
22 9 8
26 24 13
52 3 3
38 7 0
19 0 0
2 2 0
29 15 12
75 16 0
62 19 8
79 77 14
59 10 0
59 35 26
97 35 1
56 19 10
4 1 1
31 27 25
77 66 61
38 33 33
27 27 26
67 25 25
24 24 8
90 18 11
76 58 30
14 8 6
24 17 4
47 20 17
92 84 24
15 9 6
22 11 3
40 0 0
67 53 22
77 61 55
43 34 5
67 67 12
88 65 28
26 20 1
32 3 3
86 12 6
14 2 1
77 37 25
6 0 0
10 0 0
49 20 8
19 6 2
80 29 6
82 16 9
9 2 1
36 25 24
52 40 29
33 24 11
96 14 12
16 16 9
36 1 0
30 22 20
63 62 22
60 5 1
70 17 14
85 25 14
71 14 10
1 0 0
62 52 10
76 14 9
69 16 13
33 27 1
84 32 16
61 38 20
40 33 6
2 1 1
36 30 29
4 0 0
81 38 19
26 10 9
95 86 80
89 64 36
78 72 51
90 24 14
10 7 1
46 13 2
37 0 0
35 25 13
19 6 0
88 0 0
59 57 34
65 53 22
37 28 20
40 18 11
29 23 18
78 50 10
71 51 43
81 53 9
56 7 3
62 35 26
70 55 35
4 0 0
45 39 22
23 4 1
56 40 17
78 12 12
47 20 11
98 12 12
83 12 5
86 48 18
32 16 10
15 10 8
23 2 2
86 47 43
44 0 0
56 14 7
71 11 7
26 16 2
6 2 2
29 14 6
88 17 4
87 58 14
44 40 25
47 14 5
34 12 9
34 18 1
76 60 9
83 32 27
83 61 61
82 63 26
43 13 6
87 11 0
70 36 12
35 9 5
57 16 13
87 47 6
10 6 6
68 20 9
10 9 3
72 7 1
90 22 15
44 19 14
100 86 81
34 1 0
81 6 1
34 23 3
52 49 23
58 45 24
24 1 1
59 59 2
93 50 7
63 35 30
57 44 25
70 13 7
100 7 6
28 21 2
91 57 54
17 2 1
35 9 8
29 7 1
83 43 25
88 55 48
82 67 35
87 76 71
41 37 28
47 47 40
91 65 59
87 57 35
50 47 8
88 57 49
30 25 1
59 57 29
72 29 9
71 53 37
41 1 1
12 5 2
16 8 7
9 4 2
44 28 21
100 90 68
31 29 13
86 4 0
23 19 10
55 45 9
98 63 8
5 0 0
55 19 1
91 27 1
80 59 38
5 5 4
50 47 20
93 55 16
25 2 0
75 38 25
87 35 17
95 80 9
51 6 1
92 6 2
9 1 1
99 47 25
1 0 0
45 16 0
89 82 13
56 30 6
68 35 8
66 57 4
12 12 2
21 16 3
2 0 0
50 16 14
63 55 2
24 19 7
18 1 1
21 15 2
85 69 7
57 6 0
97 71 36
56 36 28
27 5 3
41 34 0
51 44 7
10 7 6
57 28 8
68 6 5
71 37 9
50 25 23
1 0 0
26 20 15
19 15 8
36 23 6
76 4 1
43 19 9
82 67 26
28 21 12
42 0 0
91 82 35
40 3 3
52 41 4
100 87 71
32 16 8
51 32 28
69 27 19
59 48 20
93 31 17
87 53 53
31 23 15
80 13 8
31 22 14
43 13 13
38 20 15
60 37 12
13 9 5
52 2 0
87 21 17
84 21 4
69 6 1
37 11 6
43 43 13
60 33 12
59 10 1
23 17 8
32 5 2
79 45 23
47 31 13
62 51 41
70 53 21
9 2 2
20 14 2
5 2 1
15 6 6
31 21 3
53 4 0
3 2 1
91 80 5
56 25 21
41 2 1
72 14 10
80 14 9
99 54 20
19 8 1
29 10 6
40 21 10
65 37 6
7 3 3
52 20 20
83 22 19
21 13 8
1 0 0
65 54 14
26 11 2
41 28 4
33 18 9
85 68 42
27 7 5
6 6 2
87 21 4
38 27 3
68 45 34
48 42 8
82 3 3
36 25 23
41 16 1
1 0 0
71 1 1
36 7 1
7 0 0
25 17 3
9 8 4
37 17 14
11 4 4
98 6 6
26 2 0
85 65 40
41 23 21
52 39 27
22 3 0
84 59 53
8 7 6
96 75 33
66 11 2
91 61 52
14 4 1
67 26 11
35 31 18
44 37 0
52 48 31
96 76 48
61 40 9
67 25 22
9 1 1
71 5 0
89 66 8
7 0 0
75 35 24
13 4 2
58 54 0
71 68 2
73 65 55
24 9 2
12 12 4
47 45 38
84 56 30
42 39 19
63 50 10
83 58 50
58 7 6
8 3 2
17 17 5
96 49 39
88 8 0
64 50 13
12 0 0
47 26 22
38 10 4
68 42 42
32 28 9
86 81 11
21 15 8
52 14 11
43 34 4
54 40 25
58 29 19
43 22 18
17 7 7
4 0 0
66 6 4
64 42 1
67 3 2
47 39 32
80 75 26
25 12 0
31 15 0
31 18 4
69 16 2
56 40 27
78 12 11
41 12 4
4 3 1
34 31 0
26 19 10
73 32 27
32 13 6
72 19 6
87 54 37
65 13 11
25 23 0
48 10 0
70 70 62
63 55 17
80 15 7
10 10 5
10 9 7
38 6 2
84 58 20
68 51 48
42 37 11
22 14 13
25 22 3
15 13 8
44 7 5
39 13 2
24 4 0
34 34 12
94 72 72
28 2 1
40 35 1
11 9 3
30 0 0
3 0 0
15 7 6
93 42 34
7 5 0
42 13 2
21 11 9
78 21 20
81 78 25
7 1 0
50 5 1
83 60 30
22 19 3
44 10 8
60 10 8
34 18 6
100 35 32
97 28 5
42 10 6
74 49 21
20 3 1
4 2 2
39 35 23
74 49 6
95 38 23
82 76 2
63 26 6
35 2 0
79 43 38
81 31 21
4 0 0
77 11 3
54 29 17
1 1 0
7 6 6
82 19 15
16 3 1
32 32 4
9 3 3
27 13 6
96 2 1
13 10 1
17 17 8
24 22 12
34 33 23
54 30 19
69 7 3
82 44 25
37 27 8
76 43 22
28 0 0
61 51 15
77 31 0
19 10 8
8 3 3
44 16 7
6 2 1
6 1 0
33 26 4
65 11 7
31 17 14
38 34 9
9 7 1
53 29 25
68 12 8
15 9 7
72 51 20
6 2 2
52 0 0
68 14 8
83 11 6
93 78 9
62 9 4
7 0 0
55 55 41
86 44 23
53 6 2
81 55 30
47 9 4
38 7 6
83 2 0
57 46 29
24 22 17
8 3 2
79 40 37
45 1 1
100 8 2
50 2 0
100 28 10
34 5 2
20 13 0
38 14 1
75 8 3
41 29 13
87 10 7
84 51 24
47 29 4
95 46 32
84 10 9
18 18 5
64 21 21
4 3 2
82 38 9
59 25 19
43 23 15
38 3 1
83 33 12
77 9 6
5 0 0
9 1 1
30 5 1
52 26 23
82 67 16
44 35 17
45 34 30
21 8 1
14 11 8
73 0 0
1 0 0
95 14 10
90 40 25
59 30 27
87 39 21
51 14 11
41 7 0
41 5 2
88 62 46
28 26 19
55 25 12
4 4 3
96 81 13
94 44 10
1 1 1
2 0 0
56 16 4
4 0 0
88 27 18
38 37 29
82 56 36
24 15 15
24 12 4
63 50 30
93 56 2
99 12 5
71 63 42
58 39 34
80 35 18
50 12 0
93 9 0
9 4 2
96 33 22
92 7 2
58 21 18
34 12 5
69 54 19
51 1 1
78 20 11
80 11 0
41 36 8
11 10 2
99 90 89
51 41 26
9 2 0
25 7 0
6 0 0
5 4 4
31 7 5
65 58 15
2 1 0
17 12 0
87 18 17
33 22 5
71 8 6
41 35 12
45 10 2
53 26 8
74 9 2
87 13 12
42 17 16
34 30 18
69 16 1
98 55 44
60 18 6
17 10 7
1 0 0
80 62 56
58 45 20
62 48 10
21 14 0
25 11 4
86 7 4
6 6 0
30 15 13
70 1 1
4 3 1
35 4 1
21 5 3
44 20 16
67 63 56
45 9 3
93 47 11
49 34 6
99 63 42
12 1 1
81 65 4
2 0 0
81 20 7
90 15 9
68 4 3
8 0 0
91 28 27
91 40 29
52 28 2
38 4 4
17 13 7
89 89 17
33 33 22
11 4 0
36 26 20
24 11 3
56 9 3
16 12 5
11 9 4
68 16 2
62 61 25
96 47 12
55 3 3
61 47 39
57 43 6
12 4 2
20 7 1
23 23 23
75 5 3
70 36 20
70 50 38
55 17 4
32 4 2
27 24 9
35 28 16
21 17 12
46 38 5
99 65 19
22 18 7
67 52 35
23 5 4
5 0 0
1 1 1
1 1 1
10 8 0
68 50 29
98 10 10
8 2 1
65 26 4
79 67 12
18 9 9
94 63 37
4 0 0
5 1 0
6 0 0
15 5 3
43 43 6
14 0 0
98 14 2
74 70 10
6 4 3
67 32 31
13 7 4
73 69 34
79 24 20
65 26 23
50 50 16
85 80 58
18 5 4
20 0 0
9 3 2
59 0 0
22 0 0
51 32 25
97 29 18
69 43 22
35 16 12
44 18 8
56 35 0
34 32 5
10 5 2
1 0 0
51 14 1
17 4 0
1 0 0
10 9 9
56 44 13
35 30 3
12 1 0
33 3 1
70 0 0
32 14 7
35 7 6
93 25 18
80 14 9
26 16 11
95 0 0
89 86 47
43 2 0
75 34 33
4 1 1
92 12 11
44 28 12
86 20 6
64 27 23
78 56 19
96 51 19
6 0 0
98 22 8
31 16 5
92 87 49
85 33 27
66 15 4
35 35 9
10 5 5
89 53 33
33 10 1
48 36 20
70 55 35
62 0 0
56 2 1
21 16 8
89 9 0
97 75 35
90 47 33
95 43 8
91 71 63
75 3 2
83 32 1
62 32 32
86 36 8
57 22 7
72 46 42
72 45 7
96 63 18
53 11 5
74 33 31
57 31 16
55 16 13
18 15 2
28 19 16
76 31 14
98 16 12
12 12 0
51 32 20
77 71 38
26 0 0
87 50 45
3 0 0
100 67 33
38 11 7
26 4 0
36 8 1
4 0 0
30 17 4
55 35 31
22 2 1
24 7 7
83 62 24
87 73 6
48 5 1
99 28 10
50 40 1
26 18 4
96 4 3
59 15 7
14 13 8
40 3 0
91 25 8
75 67 63
9 8 6
73 25 23
41 34 14
64 3 0
5 5 4
65 27 23
16 15 15
41 39 2
21 18 15
15 6 6
70 67 18
27 3 3
13 5 1
62 46 26
30 2 1
98 69 16
22 17 1
73 6 4
28 17 4
16 12 2
27 25 10
57 18 10
56 35 12
25 9 9
90 33 10
97 69 21
54 43 4
77 17 10
57 56 6
86 29 15
89 43 31
75 58 37
16 9 1
4 4 0
56 34 8
26 23 9
28 17 4
80 0 0
70 67 31
71 34 20
49 38 1
72 54 19
19 19 19
2 1 1
82 48 18
40 39 23
77 58 55
63 1 0
74 69 17
37 19 7
19 5 3
47 8 8
76 70 15
15 7 7
92 23 0
44 11 7
68 6 2
20 11 2
76 24 11
46 9 8
13 4 0
71 20 3
40 31 17
93 22 13
80 14 14
8 1 1
4 3 2
97 85 48
64 12 5
25 22 14
3 0 0
98 32 31
33 4 0
26 10 7
78 23 19
22 16 14
49 3 1
87 24 21
48 40 11
8 4 2
56 11 4
58 44 44
65 0 0
52 30 25
86 60 6
5 5 2
6 3 0
8 6 5
29 16 11
49 43 26
13 2 1
85 30 4
36 7 3
5 0 0
36 22 3
8 3 3
29 27 20
5 4 0
81 28 11
20 0 0
50 7 0
21 18 13
86 4 4
73 22 16
11 8 3
29 9 9
96 12 9
64 56 10
71 43 26
65 36 24
53 7 2
41 27 26
91 80 70
15 0 0
70 27 27
39 14 11
28 7 6
46 35 13
100 95 13
18 7 7
52 19 19
66 45 30
45 35 11
75 40 37
10 8 2
37 13 4
16 11 2
70 49 26
59 36 2
60 40 0
96 2 2
15 2 0
89 0 0
56 36 21
88 65 16
46 10 3
58 52 27
20 10 5
99 89 11
64 24 7
81 54 31
2 1 0
22 10 10
27 14 0
85 11 8
63 18 9
53 13 7
82 61 58
100 82 82
1 0 0
8 2 1
24 16 7
67 23 19
80 57 25
90 67 46
58 27 8
22 16 15
47 38 22
56 30 19
54 16 2
1 1 1
44 6 0
49 4 2
4 3 0
18 17 3
76 62 48
25 5 0
25 3 0
44 30 12
32 17 6
52 34 29
90 84 21
45 36 12
88 18 1
48 1 0
57 12 3
83 6 1
25 16 3
69 59 21
66 39 5
64 44 25
24 0 0
72 48 4
74 58 46
62 54 51
77 28 16
23 2 1
79 42 10
90 45 25
63 43 8
48 3 0
1 1 1
64 30 30
85 0 0
73 23 10
91 87 74
16 1 0
76 72 1
42 34 10
57 23 7
5 1 0
37 15 3
94 81 42
73 26 13
8 5 5
50 31 25
9 2 2
65 13 13
44 12 8
16 4 4
96 60 15
50 39 33
1 1 1
21 21 8
39 6 1
17 2 2
78 62 42
49 44 31
60 50 41
48 7 7
79 2 2
2 0 0
67 67 34
91 32 21
5 2 0
85 58 20
75 75 72
37 37 36
50 48 39
56 33 27
63 12 11
24 24 12
30 9 5
72 27 11
26 3 2
98 73 14
38 7 0
58 9 5
22 18 15
26 14 1
85 1 1
98 80 47
62 53 26
78 46 9
69 44 16
23 17 15
12 2 1
8 5 1
63 21 2
89 66 14
33 7 3
72 49 41
65 60 9
25 19 9
94 17 9
77 4 2
10 1 1
19 12 3
40 37 0
75 11 8
78 28 1
65 38 37
59 54 15
88 80 36
29 24 23
55 32 29
14 2 1
43 16 4
100 83 70
6 3 1
91 15 12
38 18 4
46 21 17
76 42 18
57 50 47
6 1 0
100 63 18
48 32 23
7 3 2
45 34 7
46 18 2
46 41 18
17 17 6
74 13 13
93 37 33
17 4 4
21 14 5
19 5 0
77 43 29
88 72 35
72 31 4
8 1 0
64 16 10
98 60 35
94 68 0
35 32 17
25 4 1
27 14 1
33 19 5
94 40 21
68 52 39
44 21 15
12 8 6
69 64 7
88 23 9
80 65 45
50 20 14
47 8 3
68 50 33
25 4 0
62 40 26
25 20 17
10 4 1
87 63 58
31 6 1
84 21 9
62 47 40
36 7 0
76 42 29
12 11 3
77 50 47
44 8 3
76 32 9
85 22 1
67 24 9
21 6 1
80 22 12
72 71 62
25 3 3
70 54 35
5 3 2
97 42 32
89 46 38
96 63 35
86 52 1
47 4 1
10 8 7
23 19 4
86 2 0
65 56 17
37 18 10
63 44 4
20 7 6
65 39 32
36 14 10
68 40 17
91 68 50
68 56 22
84 60 54
16 10 10
27 15 2
92 56 42
8 4 3
98 92 50
2 0 0
83 44 13
64 18 8
76 37 11
92 52 17
34 9 0
25 9 0
19 18 11
10 8 7
40 20 1
6 4 2
92 4 4
45 32 29
26 15 2
9 2 0
28 26 11
51 46 29
61 0 0
25 3 0
10 2 2
86 31 29
83 57 24
24 17 0
49 44 15
23 14 0
31 6 2
40 29 24
76 23 20
83 36 19
67 37 25
79 34 5
68 67 18
68 40 22
94 37 7
22 13 3
42 26 13
92 87 37
96 57 41
24 3 1
34 6 1
21 13 5
86 71 58
24 12 7
79 75 34
28 9 8
80 21 21
13 6 2
31 7 2
40 21 16
70 57 46
81 9 3
6 4 3
32 18 16
82 7 3
4 1 0
25 11 5
22 6 2
88 50 7
50 25 8
90 90 47
79 54 34
94 26 15
52 7 6
24 21 17
52 30 6
8 5 0
33 5 5
23 5 3
25 8 5
9 8 2
62 52 29
56 44 42
29 5 0
51 26 14
2 1 1
13 8 1
11 5 0
61 39 9
44 11 4
100 58 38
50 5 4
26 6 3
85 53 30
8 1 1
31 25 16
6 2 1
57 26 24
9 6 3
51 27 17
79 30 7
87 27 26
53 2 2
70 47 4
95 31 4
98 69 41
82 15 10
7 6 4
53 23 22
99 85 51
64 25 3
61 51 2
51 37 24
43 42 31
11 8 0
59 45 28
40 20 19
19 5 1
1 0 0
4 3 1
65 55 16
37 5 1
19 17 16
90 51 36
33 16 2
7 4 1
91 80 8
94 70 67
71 6 3
31 29 23
80 74 28
92 29 3
57 44 35
23 5 2
15 5 4
76 72 40
55 14 14
84 68 21
67 45 41
64 32 5
17 8 7
45 5 4
60 44 34
61 41 34
93 78 18
15 5 4
37 37 2
4 1 0
28 6 4
15 5 3
20 16 10
2 0 0
55 9 8
96 42 33
14 11 6
94 12 12
94 69 3
5 1 0
71 46 10
62 1 0
9 2 0
95 85 28
10 0 0
58 15 11
66 53 50
100 15 0
36 28 9
79 63 39
13 11 9
8 6 3
77 41 14
87 13 8
35 10 3
80 22 8
87 33 4
96 47 7
72 67 30
4 3 1
95 49 28
24 20 10
7 1 0
61 33 17
41 37 7
53 20 14
91 35 11
69 8 1
32 32 28
23 20 5
48 25 14
79 5 1
24 11 4
44 27 11
37 26 26
12 4 0
78 1 0
54 1 0
38 12 12
17 8 7
70 13 13
61 1 0
96 2 2
