4
1 3 5 7
9 2 5 100
4
Output
13


50 
1 2 3 4 5 6 7 8 9 10 11 12 13 14 15 16 17 18 19 20 21 22 23 24 25 26 27 28 29 30 31 32 33 34 35 36 37 38 39 40 41 42 43 44 45 46 47 48 49 50
100000 100000 100000 100000 100000 100000 100000 100000 100000 100000 100000 100000 100000 100000 100000 100000 100000 100000 100000 100000 100000 100000 100000 100000 100000 100000 100000 100000 100000 100000 100000 100000 100000 100000 100000 100000 100000 100000 100000 100000 100000 100000 100000 100000 100000 100000 100000 100000 100000 100000 
25

5
40 45 50 55 60
30 30 30 30 30
50

2
1 5
6 2
3

4
2 5 7 10
6 2 44 44 
6
Output
6

4
1 5 7 13
100 100 100 100
5


3
2 5 7
7 7 7
3
