672853 380249 253
1652 85
2373 18
4819 12
5432 63
6782 28
8985 65
9028 50
10978 91
11877 34
13794 32
13958 10
14851 72
17100 62
18379 17
18712 71
19349 76
21115 29
21345 46
21575 89
22018 58
25169 88
29553 58
30854 50
31079 61
34499 96
34735 71
38094 87
39404 81
39428 38
39832 61
41769 92
42618 35
42902 66
45596 75
45769 100
46001 28
47267 73
47508 70
47563 16
51920 4
53949 86
57357 94
60107 27
60199 97
61027 60
62599 21
62797 13
66809 75
70670 79
71355 97
73221 29
74389 72
74957 94
74997 78
75041 71
75960 27
76440 71
76685 19
77514 65
77700 70
77954 25
79950 38
81529 24
82288 28
83111 36
85807 97
86649 53
88994 72
92561 68
93172 76
99451 1
100059 17
101660 28
102767 13
105179 4
105576 81
105603 29
107289 78
114162 44
114269 67
115386 42
117217 36
117271 95
117898 68
117907 100
117921 87
121144 49
121814 79
122034 7
124552 30
126381 5
127672 2
131637 87
131988 71
132751 18
132933 54
134876 67
137409 28
139486 45
139921 50
140064 2
143988 34
144320 2
145441 14
145993 54
146473 80
146883 28
150436 93
150896 69
151451 99
153087 20
153955 71
154279 79
155545 71
159274 32
159675 41
161644 51
165169 79
166417 29
168650 74
169459 17
169677 82
172228 17
172878 21
173397 3
173417 96
174961 2
179887 78
180977 20
184494 37
186351 76
186842 100
190112 8
193742 19
194617 72
194925 67
196909 80
197550 93
200905 17
201094 79
202264 33
205090 49
205365 70
206060 69
206581 79
208465 47
209549 35
209654 46
209957 95
213390 99
213626 41
219252 73
219480 67
219733 63
220096 59
220770 38
221184 36
224276 46
226642 37
228056 46
229628 34
235016 40
235460 1
236121 17
236672 93
237264 10
240290 34
240952 48
244662 89
244751 59
245810 3
247903 78
248059 81
252124 3
252344 59
253984 14
256331 29
257897 34
259598 72
261058 13
261171 4
261332 68
264896 73
266174 90
266981 56
268534 7
269851 45
270016 34
272399 85
272639 92
276561 46
278508 56
279748 82
281592 10
282796 80
283585 88
286213 9
286333 1
286766 72
291132 93
293338 96
295859 95
297614 85
299359 52
303974 34
304351 75
305672 48
306592 58
307261 14
308440 94
308497 17
308951 65
312729 80
316883 37
318811 1
322117 84
322245 20
322809 35
326902 52
327575 19
328218 59
329936 34
331774 14
336147 22
337427 29
338290 34
339390 68
340170 3
341209 21
342978 57
343711 99
351699 12
352418 74
353655 9
355110 57
357681 52
359264 98
360698 97
362021 71
364654 98
366633 73
367464 54
368843 63
368860 83
369205 52
369273 49
369601 28
369957 56
371449 23
376194 45
376686 99
377875 17
379594 76
